# column 1: index
# column 2: distance [A]
# column 3: RDF histogram
# column 4: unnormalized distance histogram
0 0.012000 0.000000 0.000000
1 0.036000 0.000000 0.000000
2 0.060000 0.000000 0.000000
3 0.084000 0.000000 0.000000
4 0.108000 0.000000 0.000000
5 0.132000 0.000000 0.000000
6 0.156000 0.000000 0.000000
7 0.180000 0.000000 0.000000
8 0.204000 0.000000 0.000000
9 0.228000 0.000000 0.000000
10 0.252000 0.000000 0.000000
11 0.276000 0.000000 0.000000
12 0.300000 0.000000 0.000000
13 0.324000 0.000000 0.000000
14 0.348000 0.000000 0.000000
15 0.372000 0.000000 0.000000
16 0.396000 0.000000 0.000000
17 0.420000 0.000000 0.000000
18 0.444000 0.000000 0.000000
19 0.468000 0.000000 0.000000
20 0.492000 0.000000 0.000000
21 0.516000 0.000000 0.000000
22 0.540000 0.000000 0.000000
23 0.564000 0.000000 0.000000
24 0.588000 0.000000 0.000000
25 0.612000 0.000000 0.000000
26 0.636000 0.000000 0.000000
27 0.660000 0.000000 0.000000
28 0.684000 0.000000 0.000000
29 0.708000 0.000000 0.000000
30 0.732000 0.000000 0.000000
31 0.756000 0.000000 0.000000
32 0.780000 0.000000 0.000000
33 0.804000 0.000000 0.000000
34 0.828000 0.000000 0.000000
35 0.852000 0.000000 0.000000
36 0.876000 0.000000 0.000000
37 0.900000 0.000000 0.000000
38 0.924000 0.000000 0.000000
39 0.948000 0.000000 0.000000
40 0.972000 0.000000 0.000000
41 0.996000 0.000000 0.000000
42 1.020000 0.000000 0.000000
43 1.044000 0.000000 0.000000
44 1.068000 0.000000 0.000000
45 1.092000 0.000000 0.000000
46 1.116000 0.000000 0.000000
47 1.140000 0.000000 0.000000
48 1.164000 0.000000 0.000000
49 1.188000 0.000000 0.000000
50 1.212000 0.000000 0.000000
51 1.236000 0.000000 0.000000
52 1.260000 0.000000 0.000000
53 1.284000 0.000000 0.000000
54 1.308000 0.000000 0.000000
55 1.332000 0.000000 0.000000
56 1.356000 0.000000 0.000000
57 1.380000 0.000000 0.000000
58 1.404000 0.000000 0.000000
59 1.428000 0.000000 0.000000
60 1.452000 0.000000 0.000000
61 1.476000 0.000000 0.000000
62 1.500000 0.000000 0.000000
63 1.524000 0.000000 0.000000
64 1.548000 0.000000 0.000000
65 1.572000 0.000000 0.000000
66 1.596000 0.000000 0.000000
67 1.620000 0.000000 0.000000
68 1.644000 0.000000 0.000000
69 1.668000 0.000000 0.000000
70 1.692000 0.000000 0.000000
71 1.716000 0.000000 0.000000
72 1.740000 0.000000 0.000000
73 1.764000 0.000000 0.000000
74 1.788000 0.000000 0.000000
75 1.812000 0.000000 0.000000
76 1.836000 0.000000 0.000000
77 1.860000 0.000000 0.000000
78 1.884000 0.000000 0.000000
79 1.908000 0.000000 0.000000
80 1.932000 0.000000 0.000000
81 1.956000 0.000000 0.000000
82 1.980000 0.000000 0.000000
83 2.004000 0.000000 0.000000
84 2.028000 0.000000 0.000000
85 2.052000 0.000000 0.000000
86 2.076000 0.000000 0.000000
87 2.100000 0.000000 0.000000
88 2.124000 0.000000 0.000000
89 2.148000 0.000000 0.000000
90 2.172000 0.000000 0.000000
91 2.196000 0.000000 0.000000
92 2.220000 0.000000 0.000000
93 2.244000 0.000000 0.000000
94 2.268000 0.000000 0.000000
95 2.292000 0.000000 0.000000
96 2.316000 0.000000 0.000000
97 2.340000 0.000000 0.000000
98 2.364000 0.000000 0.000000
99 2.388000 0.000000 0.000000
100 2.412000 0.000000 0.000000
101 2.436000 0.000000 0.000000
102 2.460000 0.000000 0.000000
103 2.484000 0.000000 0.000000
104 2.508000 0.000000 0.000000
105 2.532000 0.000000 0.000000
106 2.556000 0.000000 0.000000
107 2.580000 0.000000 0.000000
108 2.604000 0.000000 0.000000
109 2.628000 0.000000 0.000000
110 2.652000 0.000000 0.000000
111 2.676000 0.000000 0.000000
112 2.700000 0.000000 0.000000
113 2.724000 0.000000 0.000000
114 2.748000 0.000000 0.000000
115 2.772000 0.000000 0.000000
116 2.796000 0.000000 0.000000
117 2.820000 0.000000 0.000000
118 2.844000 0.000000 0.000000
119 2.868000 0.000000 0.000000
120 2.892000 0.000000 0.000000
121 2.916000 0.000000 0.000000
122 2.940000 0.000000 0.000000
123 2.964000 0.000000 0.000000
124 2.988000 0.000000 0.000000
125 3.012000 0.000000 0.000000
126 3.036000 0.000000 0.000000
127 3.060000 0.000000 0.000000
128 3.084000 0.000000 0.000000
129 3.108000 0.000000 0.000000
130 3.132000 0.000447 0.000060
131 3.156000 0.001467 0.000200
132 3.180000 0.000867 0.000120
133 3.204000 0.001566 0.000220
134 3.228000 0.005190 0.000740
135 3.252000 0.013268 0.001920
136 3.276000 0.013483 0.001980
137 3.300000 0.026978 0.004020
138 3.324000 0.038760 0.005860
139 3.348000 0.065850 0.010100
140 3.372000 0.092939 0.014460
141 3.396000 0.110514 0.017440
142 3.420000 0.166077 0.026580
143 3.444000 0.213431 0.034640
144 3.468000 0.259220 0.042660
145 3.492000 0.321235 0.053600
146 3.516000 0.375508 0.063520
147 3.540000 0.460476 0.078960
148 3.564000 0.517584 0.089960
149 3.588000 0.616611 0.108620
150 3.612000 0.689667 0.123120
151 3.636000 0.738304 0.133560
152 3.660000 0.812779 0.148980
153 3.684000 0.903672 0.167820
154 3.708000 0.983648 0.185060
155 3.732000 1.050269 0.200160
156 3.756000 1.074810 0.207480
157 3.780000 1.157873 0.226380
158 3.804000 1.201692 0.237940
159 3.828000 1.266866 0.254020
160 3.852000 1.310331 0.266040
161 3.876000 1.335210 0.274480
162 3.900000 1.373410 0.285840
163 3.924000 1.404409 0.295900
164 3.948000 1.406516 0.299980
165 3.972000 1.427183 0.308100
166 3.996000 1.460710 0.319160
167 4.020000 1.460686 0.323000
168 4.044000 1.497472 0.335100
169 4.068000 1.506175 0.341060
170 4.092000 1.479219 0.338920
171 4.116000 1.497823 0.347220
172 4.140000 1.504556 0.352860
173 4.164000 1.514406 0.359300
174 4.188000 1.516682 0.364000
175 4.212000 1.514442 0.367640
176 4.236000 1.513295 0.371560
177 4.260000 1.533421 0.380780
178 4.284000 1.514138 0.380240
179 4.308000 1.485501 0.377240
180 4.332000 1.499462 0.385040
181 4.356000 1.455639 0.377940
182 4.380000 1.459616 0.383160
183 4.404000 1.457692 0.386860
184 4.428000 1.459899 0.391680
185 4.452000 1.449363 0.393080
186 4.476000 1.425618 0.390820
187 4.500000 1.426548 0.395280
188 4.524000 1.442018 0.403840
189 4.548000 1.409244 0.398860
190 4.572000 1.408962 0.403000
191 4.596000 1.383421 0.399860
192 4.620000 1.369770 0.400060
193 4.644000 1.356666 0.400360
194 4.668000 1.365893 0.407260
195 4.692000 1.333764 0.401780
196 4.716000 1.346839 0.409880
197 4.740000 1.301943 0.400260
198 4.764000 1.306311 0.405680
199 4.788000 1.322066 0.414720
200 4.812000 1.298244 0.411340
201 4.836000 1.276015 0.408340
202 4.860000 1.288320 0.416380
203 4.884000 1.284268 0.419180
204 4.908000 1.246740 0.410940
205 4.932000 1.251881 0.416680
206 4.956000 1.246153 0.418820
207 4.980000 1.240064 0.420820
208 5.004000 1.233626 0.422680
209 5.028000 1.230319 0.425600
210 5.052000 1.218199 0.425440
211 5.076000 1.204381 0.424620
212 5.100000 1.212740 0.431620
213 5.124000 1.199068 0.430780
214 5.148000 1.197290 0.434180
215 5.172000 1.183253 0.433100
216 5.196000 1.174459 0.433880
217 5.220000 1.156443 0.431180
218 5.244000 1.160339 0.436620
219 5.268000 1.160798 0.440800
220 5.292000 1.154155 0.442280
221 5.316000 1.155550 0.446840
222 5.340000 1.158821 0.452160
223 5.364000 1.146086 0.451220
224 5.388000 1.134942 0.450840
225 5.412000 1.133731 0.454380
226 5.436000 1.099605 0.444620
227 5.460000 1.136095 0.463440
228 5.484000 1.131276 0.465540
229 5.508000 1.123752 0.466500
230 5.532000 1.120995 0.469420
231 5.556000 1.117014 0.471820
232 5.580000 1.105078 0.470820
233 5.604000 1.104895 0.474800
234 5.628000 1.093231 0.473820
235 5.652000 1.079848 0.472020
236 5.676000 1.103537 0.486480
237 5.700000 1.079598 0.479960
238 5.724000 1.090683 0.488980
239 5.748000 1.084956 0.490500
240 5.772000 1.101222 0.502020
241 5.796000 1.080591 0.496720
242 5.820000 1.082831 0.501880
243 5.844000 1.053755 0.492440
244 5.868000 1.070239 0.504260
245 5.892000 1.075558 0.510920
246 5.916000 1.057202 0.506300
247 5.940000 1.063673 0.513540
248 5.964000 1.055129 0.513540
249 5.988000 1.042775 0.511620
250 6.012000 1.061560 0.525020
251 6.036000 1.047599 0.522260
252 6.060000 1.045765 0.525500
253 6.084000 1.049930 0.531780
254 6.108000 1.040872 0.531360
255 6.132000 1.036900 0.533500
256 6.156000 1.044374 0.541560
257 6.180000 1.040028 0.543520
258 6.204000 1.030934 0.542960
259 6.228000 1.039546 0.551740
260 6.252000 1.040256 0.556380
261 6.276000 1.041406 0.561280
262 6.300000 1.028847 0.558760
263 6.324000 1.038486 0.568300
264 6.348000 1.035944 0.571220
265 6.372000 1.029631 0.572040
266 6.396000 1.015987 0.568720
267 6.420000 1.030782 0.581340
268 6.444000 1.030686 0.585640
269 6.468000 1.038179 0.594300
270 6.492000 1.033985 0.596300
271 6.516000 1.011890 0.587880
272 6.540000 1.018556 0.596120
273 6.564000 1.027811 0.605960
274 6.588000 1.020505 0.606060
275 6.612000 1.018760 0.609440
276 6.636000 1.022324 0.616020
277 6.660000 1.011410 0.613860
278 6.684000 1.021827 0.624660
279 6.708000 1.014138 0.624420
280 6.732000 1.023401 0.634640
281 6.756000 1.013197 0.632800
282 6.780000 1.028135 0.646700
283 6.804000 1.030840 0.653000
284 6.828000 1.027462 0.655460
285 6.852000 1.004836 0.645540
286 6.876000 1.025286 0.663300
287 6.900000 1.008925 0.657280
288 6.924000 1.023558 0.671460
289 6.948000 1.027127 0.678480
290 6.972000 1.021120 0.679180
291 6.996000 1.015828 0.680320
292 7.020000 1.015182 0.684560
293 7.044000 1.010662 0.686180
294 7.068000 1.018322 0.696100
295 7.092000 1.024257 0.704920
296 7.116000 1.009855 0.699720
297 7.140000 1.011879 0.705860
298 7.164000 1.018411 0.715200
299 7.188000 1.019401 0.720700
300 7.212000 1.010913 0.719480
301 7.236000 1.011281 0.724540
302 7.260000 1.016780 0.733320
303 7.284000 1.007886 0.731720
304 7.308000 1.009460 0.737700
305 7.332000 1.015342 0.746880
306 7.356000 1.008431 0.746660
307 7.380000 1.003600 0.747940
308 7.404000 1.015448 0.761700
309 7.428000 1.011864 0.763940
310 7.452000 1.023307 0.777580
311 7.476000 1.019389 0.779600
312 7.500000 1.018436 0.783880
313 7.524000 1.008954 0.781560
314 7.548000 1.004292 0.782920
315 7.572000 1.011702 0.793720
316 7.596000 1.017200 0.803100
317 7.620000 1.010752 0.803060
318 7.644000 1.010744 0.808120
319 7.668000 1.015240 0.816820
320 7.692000 1.015263 0.821960
321 7.716000 1.018139 0.829440
322 7.740000 1.011054 0.828800
323 7.764000 1.015118 0.837300
324 7.788000 1.008968 0.837380
325 7.812000 1.010346 0.843700
326 7.836000 0.999858 0.840080
327 7.860000 1.012428 0.855860
328 7.884000 1.013610 0.862100
329 7.908000 1.008589 0.863060
330 7.932000 1.010486 0.869940
331 7.956000 1.012573 0.877020
332 7.980000 1.020516 0.889240
333 8.004000 1.009979 0.885360
334 8.028000 1.002861 0.884400
335 8.052000 1.008569 0.894760
336 8.076000 1.015671 0.906440
337 8.100000 1.011109 0.907740
338 8.124000 1.023215 0.924060
339 8.148000 1.011032 0.918460
340 8.172000 1.008691 0.921740
341 8.196000 1.010800 0.929100
342 8.220000 1.011201 0.934920
343 8.244000 1.005494 0.935080
344 8.268000 1.007683 0.942580
345 8.292000 1.009171 0.949460
346 8.316000 1.014493 0.960000
347 8.340000 1.009692 0.960980
348 8.364000 1.015501 0.972080
349 8.388000 1.009387 0.971780
350 8.412000 1.008428 0.976420
351 8.436000 1.010235 0.983760
352 8.460000 1.013048 0.992120
353 8.484000 1.007751 0.992540
354 8.508000 1.010978 1.001360
355 8.532000 1.015318 1.011340
356 8.556000 1.022907 1.024640
357 8.580000 1.006451 1.013820
358 8.604000 1.019226 1.032440
359 8.628000 1.018453 1.037420
360 8.652000 1.011600 1.036180
361 8.676000 1.013778 1.044180
362 8.700000 1.013657 1.049840
363 8.724000 1.012447 1.054380
364 8.748000 1.018436 1.066460
365 8.772000 1.007153 1.060440
366 8.796000 1.008900 1.068100
367 8.820000 1.006949 1.071860
368 8.844000 1.018141 1.089680
369 8.868000 1.022581 1.100380
370 8.892000 1.005090 1.087420
371 8.916000 1.000826 1.088660
372 8.940000 1.006908 1.101180
373 8.964000 1.008345 1.108680
374 8.988000 1.010096 1.116560
375 9.012000 1.000494 1.111860
376 9.036000 1.005193 1.123040
377 9.060000 1.001495 1.124860
378 9.084000 1.000638 1.129860
379 9.108000 1.006665 1.142680
380 9.132000 1.006359 1.148360
381 9.156000 1.008378 1.156720
382 9.180000 1.015062 1.170500
383 9.204000 1.013416 1.174720
384 9.228000 1.009679 1.176500
385 9.252000 1.013497 1.187100
386 9.276000 1.006255 1.184740
387 9.300000 1.011546 1.197140
388 9.324000 1.003857 1.194180
389 9.348000 1.010033 1.207720
390 9.372000 1.002287 1.204620
391 9.396000 1.014126 1.225100
392 9.420000 1.001405 1.215920
393 9.444000 1.002516 1.223480
394 9.468000 1.002788 1.230040
395 9.492000 1.006273 1.240580
396 9.516000 1.012083 1.254060
397 9.540000 1.009518 1.257200
398 9.564000 1.003771 1.256340
399 9.588000 1.000851 1.258980
400 9.612000 1.007835 1.274120
401 9.636000 1.000617 1.271320
402 9.660000 1.012348 1.292640
403 9.684000 1.007134 1.292380
404 9.708000 1.001664 1.291740
405 9.732000 1.001823 1.298340
406 9.756000 1.003395 1.306800
407 9.780000 1.008792 1.320300
408 9.804000 1.008694 1.326660
409 9.828000 1.008571 1.333000
410 9.852000 1.013030 1.345440
411 9.876000 1.002268 1.337640
412 9.900000 1.000740 1.342100
413 9.924000 1.001040 1.349020
414 9.948000 1.005831 1.362040
415 9.972000 1.010358 1.374780
416 9.996000 0.996530 1.362500
417 10.020000 1.003103 1.378080
418 10.044000 0.994707 1.373100
419 10.068000 0.999834 1.386780
420 10.092000 0.999619 1.393100
421 10.116000 0.999509 1.399580
422 10.140000 1.007492 1.417460
423 10.164000 1.007946 1.424820
424 10.188000 0.999316 1.419300
425 10.212000 1.011289 1.443080
426 10.236000 1.000707 1.434700
427 10.260000 1.004140 1.446380
428 10.284000 0.999832 1.446920
429 10.308000 1.003848 1.459520
430 10.332000 0.992686 1.450020
431 10.356000 1.002018 1.470460
432 10.380000 1.000171 1.474560
433 10.404000 1.002935 1.485480
434 10.428000 0.998915 1.486360
435 10.452000 0.995965 1.488800
436 10.476000 1.006363 1.511260
437 10.500000 0.991533 1.495820
438 10.524000 1.005888 1.524420
439 10.548000 1.002078 1.525580
440 10.572000 1.001953 1.532340
441 10.596000 1.003330 1.541420
442 10.620000 1.002208 1.546680
443 10.644000 1.007189 1.561400
444 10.668000 1.001352 1.559360
445 10.692000 1.007436 1.575900
446 10.716000 1.003068 1.576120
447 10.740000 0.997830 1.574920
448 10.764000 1.003010 1.590180
449 10.788000 0.998264 1.589720
450 10.812000 0.999613 1.598960
451 10.836000 1.002373 1.610500
452 10.860000 1.009064 1.628440
453 10.884000 0.999474 1.620100
454 10.908000 1.000461 1.628860
455 10.932000 1.000329 1.635820
456 10.956000 1.004207 1.649380
457 10.980000 0.997106 1.644900
458 11.004000 1.005158 1.665440
459 11.028000 1.006220 1.674480
460 11.052000 1.002848 1.676140
461 11.076000 1.002391 1.682660
462 11.100000 0.998950 1.684160
463 11.124000 1.006114 1.703580
464 11.148000 1.002869 1.705420
465 11.172000 0.998143 1.704700
466 11.196000 1.005505 1.724660
467 11.220000 1.006421 1.733640
468 11.244000 1.005968 1.740280
469 11.268000 1.000536 1.738280
470 11.292000 1.004907 1.753320
471 11.316000 0.994520 1.742580
472 11.340000 1.004511 1.767560
473 11.364000 1.002921 1.772240
474 11.388000 1.002902 1.779700
475 11.412000 1.003200 1.787740
476 11.436000 1.006537 1.801240
477 11.460000 1.003327 1.803040
478 11.484000 1.007517 1.818160
479 11.508000 1.006740 1.824360
480 11.532000 1.000477 1.820580
481 11.556000 1.007216 1.840480
482 11.580000 1.016801 1.865720
483 11.604000 1.006141 1.853820
484 11.628000 1.002792 1.855300
485 11.652000 1.013295 1.882480
486 11.676000 1.001683 1.868580
487 11.700000 1.006696 1.885660
488 11.724000 0.998835 1.878620
489 11.748000 0.997194 1.883220
490 11.772000 1.006875 1.909280
491 11.796000 0.999505 1.903040
492 11.820000 1.000503 1.912700
493 11.844000 1.008341 1.935520
494 11.868000 1.002254 1.931640
495 11.892000 1.006181 1.947060
496 11.916000 0.995482 1.934140
497 11.940000 1.003633 1.957840
498 11.964000 1.003593 1.965640
499 11.988000 1.005630 1.977540
