1 481.636 481.636
2 475.816 478.923
3 467.603 475.397
4 457.226 471.111
5 444.976 466.130
6 431.189 460.530
7 416.227 454.396
8 400.461 447.815
9 384.247 440.878
10 367.913 433.672
11 351.744 426.282
12 335.979 418.784
13 320.807 411.246
14 306.365 403.730
15 292.750 396.286
16 280.019 388.958
17 268.203 381.779
18 257.306 374.778
19 247.319 367.975
20 238.219 361.387
21 229.978 355.024
22 222.564 348.896
23 215.943 343.006
24 210.083 337.357
25 204.952 331.951
26 200.525 326.786
27 196.777 321.861
28 193.688 317.175
29 191.244 312.725
30 189.433 308.509
31 188.249 304.524
32 187.690 300.768
33 187.757 297.239
34 188.456 293.936
35 189.796 290.857
36 191.788 288.002
37 194.448 285.371
38 197.790 282.962
39 201.830 280.778
40 206.582 278.819
41 212.060 277.085
42 218.270 275.579
43 225.215 274.302
44 232.890 273.254
45 241.279 272.436
46 250.356 271.849
47 260.082 271.492
48 270.407 271.364
49 281.264 271.461
50 292.573 271.782
51 304.238 272.319
52 316.153 273.066
53 328.196 274.016
54 340.235 275.156
55 352.128 276.476
56 363.723 277.961
57 374.864 279.597
58 385.389 281.364
59 395.137 283.246
60 403.948 285.220
61 411.666 287.267
62 418.149 289.362
63 423.267 291.483
64 426.909 293.605
65 428.990 295.706
66 429.452 297.760
67 428.268 299.747
68 425.448 301.643
69 421.039 303.431
70 415.125 305.091
71 407.828 306.608
72 399.300 307.971
73 389.723 309.170
74 379.297 310.199
75 368.232 311.054
76 356.745 311.736
77 345.041 312.247
78 333.313 312.593
79 321.735 312.780
80 310.452 312.818
81 299.586 312.717
82 289.230 312.487
83 279.454 312.140
84 270.303 311.688
85 261.807 311.142
86 253.977 310.513
87 246.815 309.812
88 240.316 309.048
89 234.466 308.232
90 229.253 307.373
91 224.659 306.478
92 220.669 305.556
93 217.270 304.613
94 214.448 303.658
95 212.195 302.697
96 210.505 301.735
97 209.375 300.778
98 208.807 299.833
99 208.804 298.904
100 209.376 297.997
101 210.534 297.117
102 212.293 296.269
103 214.671 295.457
104 217.686 294.688
105 221.359 293.966
106 225.710 293.296
107 230.757 292.683
108 236.511 292.133
109 242.979 291.649
110 250.158 291.236
111 258.033 290.900
112 266.573 290.644
113 275.729 290.472
114 285.433 290.386
115 295.596 290.389
116 306.105 290.482
117 316.830 290.665
118 327.620 290.937
119 338.307 291.295
120 348.711 291.737
121 358.643 292.255
122 367.916 292.844
123 376.344 293.496
124 383.765 294.202
125 390.047 294.951
126 395.113 295.734
127 398.949 296.539
128 401.621 297.357
129 403.259 298.178
130 404.027 298.996
131 404.065 299.804
132 403.439 300.598
133 402.108 301.372
134 399.935 302.121
135 396.738 302.839
136 392.347 303.518
137 386.649 304.150
138 379.612 304.725
139 371.287 305.237
140 361.796 305.677
141 351.310 306.039
142 340.038 306.318
143 328.208 306.512
144 316.056 306.619
145 303.815 306.640
146 291.705 306.577
147 279.922 306.432
148 268.638 306.211
149 257.989 305.919
150 248.079 305.563
151 238.977 305.147
152 230.725 304.680
153 223.338 304.168
154 216.812 303.617
155 211.129 303.033
156 206.261 302.424
157 202.175 301.793
158 198.838 301.147
159 196.215 300.491
160 194.278 299.829
161 193.000 299.165
162 192.362 298.503
163 192.349 297.848
164 192.952 297.202
165 194.170 296.570
166 196.006 295.955
167 198.470 295.361
168 201.578 294.790
169 205.348 294.247
170 209.806 293.735
171 214.975 293.257
172 220.880 292.817
173 227.541 292.419
174 234.971 292.066
175 243.168 291.762
176 252.107 291.511
177 261.739 291.316
178 271.977 291.179
179 282.691 291.102
180 293.710 291.088
181 304.819 291.135
182 315.765 291.242
183 326.276 291.407
184 336.075 291.626
185 344.906 291.894
186 352.558 292.202
187 358.887 292.545
188 363.833 292.914
189 367.421 293.302
190 369.750 293.701
191 370.971 294.105
192 371.256 294.509
193 370.771 294.907
194 369.656 295.297
195 368.020 295.676
196 365.943 296.042
197 363.478 296.392
198 360.664 296.725
199 357.528 297.040
200 354.093 297.335
201 350.383 297.609
202 346.417 297.861
203 342.219 298.091
204 337.814 298.297
205 333.231 298.478
206 328.498 298.636
207 323.648 298.768
208 318.713 298.876
209 313.727 298.959
210 308.724 299.017
211 303.738 299.051
212 298.800 299.061
213 293.943 299.047
214 289.195 299.012
215 284.585 298.954
216 280.138 298.877
217 275.878 298.780
218 271.827 298.664
219 268.004 298.532
220 264.426 298.384
221 261.109 298.221
222 258.068 298.046
223 255.315 297.860
224 252.862 297.663
225 250.722 297.458
226 248.907 297.246
227 247.426 297.028
228 246.295 296.807
229 245.525 296.584
230 245.131 296.360
231 245.132 296.137
232 245.545 295.917
233 246.393 295.702
234 247.701 295.493
235 249.496 295.293
236 251.811 295.103
237 254.681 294.925
238 258.146 294.763
239 262.247 294.618
240 267.030 294.493
241 272.541 294.390
242 278.824 294.313
243 285.918 294.264
244 293.858 294.247
245 302.663 294.264
246 312.336 294.319
247 322.857 294.414
248 334.176 294.553
249 346.212 294.738
250 358.843 294.971
251 371.912 295.254
252 385.220 295.587
253 398.531 295.970
254 411.576 296.403
255 424.048 296.882
256 435.602 297.405
257 445.845 297.966
258 454.315 298.559
259 460.445 299.176
260 463.526 299.806
261 462.697 300.435
262 457.065 301.047
263 446.150 301.622
264 430.829 302.142
265 414.319 302.597
266 401.485 302.991
267 395.372 303.347
268 394.269 303.688
269 393.448 304.025
270 389.099 304.351
271 379.939 304.648
272 366.501 304.901
273 350.034 305.096
274 331.865 305.226
275 313.159 305.288
276 294.842 305.281
277 277.601 305.210
278 261.885 305.080
279 247.943 304.898
280 235.855 304.671
281 225.581 304.405
282 217.005 304.108
283 209.972 303.786
284 204.313 303.443
285 199.865 303.086
286 196.479 302.717
287 194.028 302.341
288 192.404 301.961
289 191.519 301.578
290 191.303 301.197
291 191.701 300.819
292 192.672 300.445
293 194.183 300.079
294 196.210 299.721
295 198.736 299.373
296 201.747 299.038
297 205.232 298.715
298 209.182 298.407
299 213.585 298.115
300 218.428 297.841
301 223.697 297.586
302 229.370 297.350
303 235.423 297.135
304 241.823 296.943
305 248.533 296.773
306 255.507 296.627
307 262.693 296.505
308 270.034 296.407
309 277.467 296.334
310 284.926 296.286
311 292.343 296.262
312 299.648 296.261
313 306.773 296.284
314 313.650 296.329
315 320.219 296.396
316 326.421 296.482
317 332.204 296.586
318 337.522 296.707
319 342.335 296.844
320 346.613 296.994
321 350.329 297.155
322 353.463 297.326
323 356.004 297.504
324 357.946 297.689
325 359.290 297.877
326 360.040 298.067
327 360.206 298.258
328 359.803 298.447
329 358.845 298.632
330 357.350 298.813
331 355.334 298.987
332 352.812 299.154
333 349.789 299.311
334 346.269 299.457
335 342.241 299.591
336 337.685 299.711
337 332.572 299.816
338 326.871 299.905
339 320.562 299.975
340 313.665 300.025
341 306.268 300.054
342 298.565 300.060
343 290.860 300.044
344 283.525 300.006
345 276.903 299.948
346 271.185 299.872
347 266.338 299.781
348 262.138 299.679
349 258.289 299.565
350 254.544 299.441
351 250.774 299.307
352 246.941 299.163
353 243.037 299.009
354 239.012 298.844
355 234.753 298.669
356 230.094 298.482
357 224.856 298.283
358 218.892 298.069
359 212.120 297.838
360 204.540 297.588
361 196.241 297.318
362 187.397 297.025
363 178.245 296.709
364 169.053 296.369
365 160.084 296.007
366 151.566 295.622
367 143.676 295.217
368 136.526 294.794
369 130.176 294.354
370 124.643 293.901
371 119.912 293.437
372 115.953 292.964
373 112.729 292.483
374 110.202 291.998
375 108.343 291.509
376 107.131 291.019
377 106.556 290.529
378 106.623 290.041
379 107.347 289.556
380 108.759 289.078
381 110.901 288.606
382 113.826 288.143
383 117.593 287.692
384 122.261 287.254
385 127.875 286.832
386 134.460 286.428
387 141.995 286.044
388 150.410 285.683
389 159.575 285.347
390 169.303 285.037
391 179.375 284.754
392 189.562 284.498
393 199.661 284.269
394 209.512 284.067
395 219.015 283.891
396 228.123 283.739
397 236.831 283.610
398 245.166 283.503
399 253.169 283.418
400 260.885 283.352
401 268.355 283.306
402 275.615 283.278
403 282.691 283.268
404 289.598 283.276
405 296.344 283.300
406 302.924 283.341
407 309.328 283.397
408 315.537 283.469
409 321.526 283.556
410 327.266 283.656
411 332.721 283.769
412 337.855 283.895
413 342.627 284.032
414 346.995 284.180
415 350.918 284.336
416 354.354 284.501
417 357.264 284.673
418 359.610 284.850
419 361.360 285.031
420 362.484 285.215
421 362.958 285.399
422 362.764 285.584
423 361.889 285.765
424 360.330 285.944
425 358.088 286.116
426 355.174 286.282
427 351.606 286.440
428 347.411 286.587
429 342.624 286.724
430 337.289 286.847
431 331.454 286.958
432 325.178 287.053
433 318.524 287.134
434 311.562 287.198
435 304.364 287.245
436 297.005 287.276
437 289.559 287.289
438 282.101 287.285
439 274.703 287.265
440 267.432 287.227
441 260.350 287.174
442 253.512 287.105
443 246.967 287.021
444 240.754 286.923
445 234.907 286.812
446 229.453 286.689
447 224.412 286.555
448 219.799 286.410
449 215.628 286.256
450 211.905 286.095
451 208.639 285.926
452 205.837 285.751
453 203.507 285.572
454 201.660 285.388
455 200.313 285.202
456 199.486 285.015
457 199.211 284.827
458 199.526 284.640
459 200.486 284.455
460 202.158 284.274
461 204.631 284.098
462 208.013 283.929
463 212.435 283.770
464 218.049 283.622
465 225.028 283.488
466 233.554 283.372
467 243.803 283.276
468 255.920 283.205
469 269.988 283.162
470 285.988 283.151
471 303.759 283.177
472 322.985 283.242
473 343.187 283.348
474 363.757 283.498
475 384.016 283.690
476 403.269 283.922
477 420.868 284.193
478 436.254 284.497
479 448.978 284.829
480 458.727 285.182
481 465.343 285.552
482 468.859 285.930
483 469.523 286.311
484 467.803 286.688
485 464.312 287.059
486 459.647 287.419
487 454.208 287.768
488 448.092 288.103
489 441.142 288.424
490 433.115 288.728
491 423.847 289.013
492 413.339 289.276
493 401.762 289.516
494 389.401 289.731
495 376.593 289.919
496 363.674 290.080
497 350.949 290.215
498 338.666 290.324
499 327.018 290.409
500 316.139 290.471
501 306.113 290.511
502 296.978 290.533
503 288.743 290.537
504 281.387 290.525
505 274.877 290.500
506 269.167 290.463
507 264.207 290.416
508 259.946 290.360
509 256.334 290.296
510 253.324 290.226
511 250.875 290.151
512 248.947 290.072
513 247.508 289.990
514 246.527 289.907
515 245.980 289.822
516 245.844 289.736
517 246.102 289.651
518 246.737 289.568
519 247.736 289.486
520 249.085 289.407
521 250.774 289.331
522 252.794 289.259
523 255.133 289.191
524 257.783 289.129
525 260.733 289.072
526 263.973 289.021
527 267.490 288.977
528 271.271 288.940
529 275.301 288.911
530 279.564 288.889
531 284.041 288.876
532 288.709 288.871
533 293.547 288.876
534 298.528 288.889
535 303.623 288.912
536 308.804 288.945
537 314.039 288.987
538 319.295 289.039
539 324.537 289.100
540 329.732 289.171
541 334.845 289.251
542 339.844 289.340
543 344.694 289.438
544 349.367 289.545
545 353.832 289.659
546 358.063 289.781
547 362.035 289.910
548 365.720 290.045
549 369.091 290.186
550 372.116 290.333
551 374.752 290.484
552 376.945 290.639
553 378.614 290.797
554 379.658 290.957
555 379.940 291.118
556 379.301 291.277
557 377.568 291.434
558 374.579 291.586
559 370.207 291.731
560 364.387 291.866
561 357.130 291.989
562 348.534 292.097
563 338.773 292.189
564 328.082 292.262
565 316.739 292.315
566 305.036 292.347
567 293.256 292.359
568 281.656 292.349
569 270.453 292.320
570 259.816 292.272
571 249.868 292.206
572 240.685 292.123
573 232.311 292.025
574 224.757 291.914
575 218.015 291.791
576 212.064 291.657
577 206.876 291.514
578 202.420 291.363
579 198.665 291.206
580 195.584 291.043
581 193.153 290.876
582 191.355 290.706
583 190.179 290.534
584 189.621 290.362
585 189.682 290.189
586 190.371 290.018
587 191.704 289.849
588 193.703 289.683
589 196.396 289.522
590 199.816 289.367
591 203.999 289.219
592 208.984 289.079
593 214.805 288.949
594 221.494 288.830
595 229.069 288.723
596 237.535 288.630
597 246.874 288.552
598 257.040 288.491
599 267.955 288.448
600 279.508 288.424
601 291.555 288.420
602 303.922 288.436
603 316.412 288.472
604 328.816 288.530
605 340.921 288.607
606 352.522 288.703
607 363.429 288.818
608 373.471 288.950
609 382.502 289.097
610 390.404 289.257
611 397.083 289.429
612 402.474 289.610
613 406.534 289.798
614 409.243 289.991
615 410.602 290.187
616 410.632 290.383
617 409.370 290.577
618 406.873 290.767
619 403.209 290.952
620 398.465 291.130
621 392.736 291.298
622 386.133 291.456
623 378.771 291.602
624 370.774 291.735
625 362.271 291.855
626 353.390 291.960
627 344.255 292.051
628 334.986 292.126
629 325.691 292.187
630 316.464 292.232
631 307.384 292.263
632 298.512 292.280
633 289.897 292.282
634 281.572 292.272
635 273.573 292.248
636 265.942 292.212
637 258.750 292.165
638 252.106 292.107
639 246.164 292.039
640 241.103 291.963
641 237.098 291.880
642 234.266 291.792
643 232.628 291.701
644 232.091 291.609
645 232.470 291.517
646 233.538 291.426
647 235.074 291.337
648 236.901 291.252
649 238.893 291.170
650 240.972 291.091
651 243.100 291.015
652 245.255 290.944
653 247.430 290.875
654 249.617 290.810
655 251.812 290.749
656 254.004 290.692
657 256.184 290.637
658 258.342 290.587
659 260.472 290.539
660 262.568 290.495
661 264.628 290.455
662 266.654 290.417
663 268.651 290.383
664 270.626 290.352
665 272.587 290.324
666 274.541 290.299
667 276.497 290.276
668 278.461 290.257
669 280.440 290.241
670 282.436 290.228
671 284.454 290.218
672 286.494 290.211
673 288.555 290.207
674 290.635 290.206
675 292.732 290.209
676 294.840 290.214
677 296.955 290.222
678 299.068 290.234
679 301.174 290.249
680 303.262 290.266
681 305.324 290.287
682 307.349 290.311
683 309.327 290.337
684 311.246 290.367
685 313.094 290.398
686 314.860 290.433
687 316.532 290.470
688 318.097 290.509
689 319.543 290.550
690 320.857 290.593
691 322.027 290.638
692 323.039 290.684
693 323.882 290.732
694 324.541 290.780
695 325.003 290.829
696 325.253 290.878
697 325.277 290.928
698 325.057 290.977
699 324.575 291.026
700 323.812 291.073
701 322.746 291.119
702 321.354 291.163
703 319.613 291.205
704 317.496 291.244
705 314.978 291.279
706 312.037 291.311
707 308.654 291.338
708 304.816 291.359
709 300.520 291.375
710 295.773 291.385
711 290.597 291.387
712 285.029 291.382
713 279.120 291.369
714 272.934 291.347
715 266.546 291.316
716 260.041 291.277
717 253.505 291.229
718 247.025 291.171
719 240.683 291.105
720 234.555 291.030
721 228.709 290.948
722 223.204 290.857
723 218.086 290.760
724 213.394 290.656
725 209.158 290.546
726 205.401 290.431
727 202.143 290.311
728 199.397 290.188
729 197.179 290.062
730 195.500 289.933
731 194.378 289.803
732 193.831 289.672
733 193.881 289.541
734 194.558 289.411
735 195.896 289.283
736 197.938 289.157
737 200.733 289.035
738 204.338 288.917
739 208.817 288.806
740 214.237 288.701
741 220.665 288.605
742 228.163 288.519
743 236.782 288.443
744 246.548 288.381
745 257.457 288.332
746 269.459 288.299
747 282.451 288.283
748 296.273 288.285
749 310.709 288.305
750 325.493 288.346
751 340.325 288.405
752 354.890 288.485
753 368.876 288.583
754 381.991 288.699
755 393.976 288.831
756 404.617 288.978
757 413.741 289.137
758 421.224 289.307
759 426.984 289.486
760 430.979 289.670
761 433.201 289.857
762 433.677 290.046
763 432.463 290.234
764 429.641 290.419
765 425.318 290.598
766 419.624 290.770
767 412.710 290.934
768 404.742 291.087
769 395.901 291.229
770 386.378 291.359
771 376.368 291.476
772 366.065 291.579
773 355.656 291.668
774 345.318 291.744
775 335.210 291.806
776 325.469 291.856
777 316.212 291.893
778 307.529 291.918
779 299.489 291.932
780 292.134 291.937
781 285.488 291.933
782 279.558 291.921
783 274.335 291.901
784 269.799 291.876
785 265.922 291.845
786 262.670 291.810
787 260.005 291.771
788 257.888 291.729
789 256.277 291.685
790 255.133 291.639
791 254.418 291.592
792 254.096 291.545
793 254.131 291.498
794 254.492 291.451
795 255.150 291.405
796 256.078 291.360
797 257.252 291.316
798 258.649 291.274
799 260.249 291.234
800 262.033 291.197
801 263.983 291.162
802 266.085 291.129
803 268.324 291.099
804 270.684 291.072
805 273.153 291.049
806 275.717 291.028
807 278.364 291.011
808 281.080 290.997
809 283.853 290.986
810 286.670 290.979
811 289.519 290.976
812 292.385 290.976
813 295.257 290.980
814 298.121 290.987
815 300.964 290.997
816 303.773 291.011
817 306.533 291.029
818 309.231 291.050
819 311.852 291.073
820 314.379 291.100
821 316.797 291.130
822 319.083 291.163
823 321.214 291.198
824 323.159 291.236
825 324.877 291.276
826 326.311 291.318
827 327.381 291.361
828 327.980 291.405
829 327.957 291.449
830 327.116 291.493
831 325.219 291.534
832 322.024 291.573
833 317.379 291.607
834 311.407 291.634
835 304.724 291.654
836 298.550 291.665
837 294.393 291.671
838 293.306 291.673
839 295.183 291.676
840 298.806 291.682
841 302.572 291.693
842 305.212 291.708
843 306.043 291.725
844 304.846 291.741
845 301.657 291.755
846 296.619 291.764
847 289.921 291.765
848 281.802 291.758
849 272.566 291.741
850 262.608 291.712
851 252.402 291.672
852 242.460 291.619
853 233.242 291.556
854 225.064 291.482
855 218.039 291.400
856 212.087 291.311
857 207.009 291.215
858 202.578 291.114
859 198.610 291.008
860 194.991 290.898
861 191.678 290.785
862 188.678 290.668
863 186.027 290.548
864 183.772 290.425
865 181.967 290.301
866 180.659 290.175
867 179.896 290.048
868 179.721 289.920
869 180.180 289.794
870 181.314 289.668
871 183.171 289.545
872 185.800 289.424
873 189.249 289.307
874 193.571 289.195
875 198.814 289.089
876 205.019 288.989
877 212.216 288.898
878 220.414 288.815
879 229.595 288.743
880 239.708 288.681
881 250.661 288.632
882 262.324 288.596
883 274.528 288.573
884 287.073 288.565
885 299.742 288.571
886 312.309 288.591
887 324.558 288.625
888 336.288 288.672
889 347.323 288.733
890 357.514 288.805
891 366.742 288.887
892 374.914 288.980
893 381.962 289.080
894 387.839 289.188
895 392.517 289.301
896 395.984 289.418
897 398.240 289.539
898 399.302 289.661
899 399.196 289.783
900 397.959 289.904
901 395.642 290.023
902 392.303 290.138
903 388.013 290.249
904 382.852 290.354
905 376.909 290.453
906 370.280 290.545
907 363.067 290.629
908 355.378 290.704
909 347.324 290.771
910 339.014 290.828
911 330.558 290.876
912 322.060 290.915
913 313.619 290.944
914 305.326 290.964
915 297.261 290.975
916 289.495 290.978
917 282.087 290.972
918 275.085 290.958
919 268.527 290.937
920 262.438 290.909
921 256.835 290.875
922 251.728 290.835
923 247.119 290.790
924 243.003 290.740
925 239.372 290.686
926 236.216 290.629
927 233.519 290.569
928 231.265 290.506
929 229.439 290.441
930 228.025 290.375
931 227.011 290.307
932 226.388 290.239
933 226.158 290.170
934 226.332 290.101
935 226.940 290.033
936 228.036 289.966
937 229.709 289.901
938 232.092 289.838
939 235.376 289.778
940 239.818 289.723
941 245.761 289.673
942 253.634 289.630
943 263.960 289.598
944 277.329 289.578
945 294.338 289.574
946 315.465 289.590
947 340.883 289.631
948 370.251 289.701
949 402.572 289.804
950 436.252 289.942
951 469.365 290.114
952 500.027 290.320
953 526.721 290.555
954 548.440 290.815
955 564.677 291.095
956 575.313 291.388
957 580.500 291.688
958 580.564 291.990
959 575.944 292.289
960 567.154 292.580
961 554.771 292.860
962 539.418 293.124
963 521.751 293.371
964 502.441 293.598
965 482.146 293.803
966 461.484 293.987
967 441.000 294.149
968 421.144 294.290
969 402.260 294.411
970 384.579 294.513
971 368.232 294.597
972 353.268 294.664
973 339.668 294.717
974 327.373 294.756
975 316.297 294.784
976 306.342 294.800
977 297.407 294.807
978 289.399 294.806
979 282.229 294.796
980 275.821 294.780
981 270.107 294.757
982 265.031 294.730
983 260.543 294.697
984 256.603 294.660
985 253.179 294.619
986 250.242 294.576
987 247.770 294.529
988 245.746 294.481
989 244.157 294.431
990 242.993 294.379
991 242.248 294.327
992 241.920 294.274
993 242.008 294.221
994 242.516 294.169
995 243.448 294.118
996 244.814 294.067
997 246.623 294.019
998 248.888 293.972
999 251.624 293.929
1000 254.846 293.888
