1 16319.4935939808
2 16380.5333374915
3 16468.6971365351
4 16581.4083520815
5 16715.4012152771
6 16866.8953632482
7 17031.8077987833
8 17205.9800846091
9 17385.3957822052
10 17566.3652904166
11 17745.6615569825
12 17920.5991430178
13 18089.0585998349
14 18249.4647584694
15 18400.7315412340
16 18542.1887786195
17 18673.5018131785
18 18794.5932301250
19 18905.5724427517
20 19006.6759930204
21 19098.2192173598
22 19180.5581659370
23 19254.0612779527
24 19319.0883358263
25 19375.9755901617
26 19425.0254312376
27 19466.4995237994
28 19500.6143422761
29 19527.5386629221
30 19547.3925008287
31 19560.2471642527
32 19566.1261982055
33 19565.0074753360
34 19556.8263401868
35 19541.4800294930
36 19518.8336155876
37 19488.7277425945
38 19450.9884135435
39 19405.4390247612
40 19351.9147235799
41 19290.2789845100
42 19220.4420664441
43 19142.3807527111
44 19056.1585254030
45 18961.9451340089
46 18860.0344339020
47 18750.8594248645
48 18635.0035432007
49 18513.2076544492
50 18386.3732113984
51 18255.5603428272
52 18121.9819742668
53 17986.9943079062
54 17852.0838687361
55 17718.8512269898
56 17588.9912353747
57 17464.2696573433
58 17346.4957706946
59 17237.4900391226
60 17139.0474287128
61 17052.8958578143
62 16980.6499370534
63 16923.7610572583
64 16883.4652887334
65 16860.7309934793
66 16856.2087920677
67 16870.1871563865
68 16902.5574193069
69 16952.7922756535
70 17019.9417346785
71 17102.6498044400
72 17199.1938197492
73 17307.5462947271
74 17425.4566178792
75 17550.5466687615
76 17680.4132532637
77 17812.7279863912
78 17945.3257041592
79 18076.2740956115
80 18203.9200218251
81 18326.9113172425
82 18444.1959979671
83 18555.0031283603
84 18658.8108142688
85 18755.3069181901
86 18844.3473902559
87 18925.9159442632
88 19000.0875232447
89 19066.9968405193
90 19126.8123799914
91 19179.7156267402
92 19225.8849463286
93 19265.4833806867
94 19298.6496172342
95 19325.4914623411
96 19346.0812711972
97 19360.4529353099
98 19368.6001270062
99 19370.4757290146
100 19365.9924536928
101 19355.0248003282
102 19337.4126365178
103 19312.9667988923
104 19281.4771967951
105 19242.7239468253
106 19196.4920094494
107 19142.5897387700
108 19080.8715784234
109 19011.2642883371
110 18933.7959590790
111 18848.6262415762
112 18756.0754757110
113 18656.6498511314
114 18551.0596944838
115 18440.2278651540
116 18325.2863032767
117 18207.5599082459
118 18088.5382849180
119 17969.8371179940
120 17853.1523464216
121 17740.2096392756
122 17632.7123317317
123 17532.2904051137
124 17440.4526329996
125 17358.5442502934
126 17287.7133187196
127 17228.8903334829
128 17182.7860722213
129 17149.9113382402
130 17130.6174011732
131 17125.1472247515
132 17133.6803918592
133 17156.3528268265
134 17193.2402734949
135 17244.3086206184
136 17309.3464374888
137 17387.8988505225
138 17479.2177295217
139 17582.2355398099
140 17695.5639214449
141 17817.5158339474
142 17946.1490951659
143 18079.3301749083
144 18214.8158451879
145 18350.3479522954
146 18483.7537585942
147 18613.0418773705
148 18736.4828044891
149 18852.6649259728
150 18960.5210904945
151 19059.3251499094
152 19148.6636469768
153 19228.3893868093
154 19298.5655035492
155 19359.4076607551
156 19411.2301244960
157 19454.3992058013
158 19489.2955484012
159 19516.2852358370
160 19535.6987700342
161 19547.8165481484
162 19552.8593973678
163 19550.9828836633
164 19542.2743875805
165 19526.7522736374
166 19504.3668383012
167 19475.0030877316
168 19438.4858171813
169 19394.5878948028
170 19343.0429561305
171 19283.5644207789
172 19215.8730311923
173 19139.7347239423
174 19055.0110543060
175 18961.7228674737
176 18860.1258631667
177 18750.7934061202
178 18634.6977394426
179 18513.2759185132
180 18388.4636151859
181 18262.6790232969
182 18138.7424570982
183 18019.7250302256
184 17908.7319279387
185 17808.6384870895
186 17721.8114115968
187 17649.8597958897
188 17593.4678356663
189 17552.3584290531
190 17525.4150680522
191 17510.9453544400
192 17507.0172914646
193 17511.7706344820
194 17523.6246206231
195 17541.3581118097
196 17564.0898084395
197 17591.2064229054
198 17622.2793306490
199 17656.9918255372
200 17695.0842897500
201 17736.3167453417
202 17780.4452044198
203 17827.2080128488
204 17876.3195168440
205 17927.4685928939
206 17980.3204768799
207 18034.5207657964
208 18089.7007268789
209 18145.4832890889
210 18201.4893174790
211 18257.3436016409
212 18312.6804259736
213 18367.1483897070
214 18420.4143297563
215 18472.1663609533
216 18522.1158724530
217 18569.9985211576
218 18615.5742720606
219 18658.6265664905
220 18698.9607198175
221 18736.4016603358
222 18770.7911217734
223 18801.9843948869
224 18829.8467309260
225 18854.2494736735
226 18875.0659796099
227 18892.1673698294
228 18905.4181449546
229 18914.6716878704
230 18919.7656812630
231 18920.5174867104
232 18916.7195588215
233 18908.1349798403
234 18894.4933376106
235 18875.4872348078
236 18850.7698756877
237 18819.9543123173
238 18782.6152192853
239 18738.2941431477
240 18686.5095565857
241 18626.7731114259
242 18558.6135285640
243 18481.6093560448
244 18395.4312728668
245 18299.8936194274
246 18195.0133633445
247 18081.0728416305
248 17958.6806911326
249 17828.8238415202
250 17692.9030148610
251 17552.7441956937
252 17410.5821460488
253 17269.0151416960
254 17130.9343037928
255 16999.4340929812
256 16877.7116478038
257 16768.9608850123
258 16676.2622463799
259 16602.4609162985
260 16550.0155920531
261 16520.7912677838
262 16515.7783026960
263 16534.7821335723
264 16576.2924961533
265 16637.9427277839
266 16717.7998408589
267 16815.7752734679
268 16933.6942159203
269 17073.6973474835
270 17236.3868976935
271 17419.9546569336
272 17620.2863245286
273 17831.5373937073
274 18046.8688103337
275 18259.2405775999
276 18462.1882602312
277 18650.4670059712
278 18820.4397422993
279 18970.1542582848
280 19099.1496689612
281 19208.0998291438
282 19298.4126559218
283 19371.8727663142
284 19430.3695211267
285 19475.7166741347
286 19509.5496013779
287 19533.2792184839
288 19548.0830616791
289 19554.9181310090
290 19554.5448131160
291 19547.5551410699
292 19534.4014210326
293 19515.4232912213
294 19490.8724753785
295 19460.9351896839
296 19425.7524834007
297 19385.4389740552
298 19340.1004139842
299 19289.8501369731
300 19234.8246305931
301 19175.1980473573
302 19111.1953033443
303 19043.1032379267
304 18971.2791951576
305 18896.1563677127
306 18818.2453059865
307 18738.1313168348
308 18656.4677258005
309 18573.9650855147
310 18491.3772106365
311 18409.4848709848
312 18329.0784597907
313 18250.9406274347
314 18175.8297781872
315 18104.4654680583
316 18037.5161673195
317 17975.5896206539
318 17919.2257892425
319 17868.8921679128
320 17824.9811150488
321 17787.8090333996
322 17757.6167643101
323 17734.5708558815
324 17718.7657076730
325 17710.2262852511
326 17708.9112630979
327 17714.7164982883
328 17727.4787654535
329 17746.9794804629
330 17772.9484056691
331 17805.0671800219
332 17842.9723457241
333 17886.2575052245
334 17934.4744810024
335 17987.1331731060
336 18043.7001322864
337 18103.5963716283
338 18166.1958488293
339 18230.8274176329
340 18296.7846422802
341 18363.3488394007
342 18429.8293439528
343 18495.6193168595
344 18560.2554761184
345 18623.4610774236
346 18685.1526902309
347 18745.4076383797
348 18804.4111578406
349 18862.4126173459
350 18919.7108509981
351 18976.6694689347
352 19033.7485417556
353 19091.5354423490
354 19150.7616487725
355 19212.2971360963
356 19277.1142445168
357 19346.2095444188
358 19420.4703646993
359 19500.4840468059
360 19586.3176938741
361 19677.3339435587
362 19772.1259125528
363 19868.6264825955
364 19964.3795740392
365 20056.8934303975
366 20143.9688636045
367 20223.9190850720
368 20295.6503732517
369 20358.6226013829
370 20412.7353765127
371 20458.1873425102
372 20495.3429515491
373 20524.6241586054
374 20546.4309188008
375 20561.0876397089
376 20568.8089212383
377 20569.6785166077
378 20563.6369886502
379 20550.4757117936
380 20529.8373238947
381 20501.2253525542
382 20464.0285147174
383 20417.5676642984
384 20361.1744487542
385 20294.3083391148
386 20216.7100809183
387 20128.5730936297
388 20030.6926488631
389 19924.5360113972
390 19812.1808630281
391 19696.1045961865
392 19578.8644174555
393 19462.7582780584
394 19349.5644079183
395 19240.4221344365
396 19135.8566282296
397 19035.9031676826
398 18940.2709615470
399 18848.4983651648
400 18760.0741481682
401 18674.5192580801
402 18591.4347438147
403 18510.5251615474
404 18431.6061435066
405 18354.6027568371
406 18279.5426468883
407 18206.5466599062
408 18135.8182933481
409 18067.6326168167
410 18002.3250768915
411 17940.2802154156
412 17881.9201950339
413 17827.6935657099
414 17778.0640038425
415 17733.4989565852
416 17694.4586743650
417 17661.3853232849
418 17634.6924946845
419 17614.7552131874
420 17601.9005097208
421 17596.3986527240
422 17598.4551233357
423 17608.2034154808
424 17625.6987428103
425 17650.9127443754
426 17683.7293018321
427 17723.9416131250
428 17771.2507272067
429 17825.2658193935
430 17885.5061860592
431 17951.4055941775
432 18022.3191092509
433 18097.5325910201
434 18176.2750373345
435 18257.7332852993
436 18341.0687437284
437 18425.4359556034
438 18510.0016928002
439 18593.9636933190
440 18676.5676754628
441 18757.1218605513
442 18835.0079099044
443 18909.6880296906
444 18980.7075009874
445 19047.6931260152
446 19110.3482148668
447 19168.4442821488
448 19221.8103690003
449 19270.3206255252
450 19313.8806960879
451 19352.4133001620
452 19385.8431854538
453 19414.0814138231
454 19437.0087359775
455 19454.4576367843
456 19466.1925114793
457 19471.8873975747
458 19471.1007930105
459 19463.2474265969
460 19447.5675449961
461 19423.0955241219
462 19388.6316059404
463 19342.7236104480
464 19283.6695706439
465 19209.5569603983
466 19118.3591899031
467 19008.1118298348
468 18877.1852984244
469 18724.6520304663
470 18550.7094382352
471 18357.0716102355
472 18147.2043646048
473 17926.2833792981
474 17700.8244406855
475 17478.0481890546
476 17265.1391090521
477 17068.5829493183
478 16893.7104674291
479 16744.4816081630
480 16623.4675461043
481 16531.9572194105
482 16470.1261324588
483 16437.2362274578
484 16431.8615273879
485 16452.1361612668
486 16495.9955952495
487 16561.3518866781
488 16646.1464941116
489 16748.2771903616
490 16865.4630073213
491 16995.1373287738
492 17134.4289288122
493 17280.2395783383
494 17429.3887663711
495 17578.7848816094
496 17725.5876651411
497 17867.3380091629
498 18002.0416531903
499 18128.2042045124
500 18244.8213423477
501 18351.3339300277
502 18447.5596366222
503 18533.6137186356
504 18609.8292881627
505 18676.6844198615
506 18734.7405002677
507 18784.5934373525
508 18826.8375518856
509 18862.0407364505
510 18890.7289065888
511 18913.3776569994
512 18930.4092004279
513 18942.1929690025
514 18949.0486010188
515 18951.2503624157
516 18949.0323321469
517 18942.5939043658
518 18932.1053291604
519 18917.7131344222
520 18899.5453531415
521 18877.7165316468
522 18852.3325214362
523 18823.4950674324
524 18791.3062308438
525 18755.8726038397
526 18717.3093355050
527 18675.7439329773
528 18631.3197816075
529 18584.1993089865
530 18534.5666987202
531 18482.6300454944
532 18428.6228354212
533 18372.8046369392
534 18315.4608992576
535 18256.9017785330
536 18197.4599460785
537 18137.4873495822
538 18077.3510857437
539 18017.4284805165
540 17958.1013865377
541 17899.7502232574
542 17842.7479424804
543 17787.4545433037
544 17734.2127275809
545 17683.3455367160
546 17635.1570990512
547 17589.9379823938
548 17547.9773683184
549 17509.5845090981
550 17475.1223360516
551 17445.0560847159
552 17420.0169445065
553 17400.8748668342
554 17388.8039833385
555 17385.3110395427
556 17392.1897209366
557 17411.3731904000
558 17444.6884749326
559 17493.5575724611
560 17558.7172704085
561 17640.0265757894
562 17736.4020625378
563 17845.8857378493
564 17965.8221051124
565 18093.1063682081
566 18224.4602047985
567 18356.6941560549
568 18486.9235617740
569 18612.7173590961
570 18732.1727773078
571 18843.9223405358
572 18947.0887972771
573 19041.2077365622
574 19126.1358459973
575 19201.9599591139
576 19268.9162402619
577 19327.3235084944
578 19377.5316783279
579 19419.8839384031
580 19454.6902580628
581 19482.2095876558
582 19502.6383610382
583 19516.1033683091
584 19522.6575905999
585 19522.2781012660
586 19514.8656146985
587 19500.2457086876
588 19478.1721722656
589 19448.3333472280
590 19410.3627292583
591 19363.8554307745
592 19308.3922084707
593 19243.5731177229
594 19169.0615443697
595 19084.6386171237
596 18990.2660514167
597 18886.1526323159
598 18772.8167104399
599 18651.1348176334
600 18522.3659400355
601 18388.1429360760
602 18250.4276051746
603 18111.4323778329
604 17973.5175581333
605 17839.0784023999
606 17710.4366063149
607 17589.7485205772
608 17478.9368941093
609 17379.6483712111
610 17293.2335952357
611 17220.7451770564
612 17162.9474273382
613 17120.3323700645
614 17093.1380665613
615 17081.3666494509
616 17084.8008095481
617 17103.0184795882
618 17135.4061602509
619 17181.1714278520
620 17239.3556771490
621 17308.8481350781
622 17388.4019772532
623 17476.6530784651
624 17572.1423935762
625 17673.3418555894
626 17778.6837093353
627 17886.5928524916
628 17995.5201162281
629 18103.9755422940
630 18210.5596896985
631 18313.9907769594
632 18413.1262345745
633 18506.9779292390
634 18594.7212371918
635 18675.6989966794
636 18749.4218094678
637 18815.5658530179
638 18873.9681726767
639 18924.6176993659
640 18967.6389306038
641 19003.2661454312
642 19031.8101531884
643 19053.6239284470
644 19069.0760058041
645 19078.5374972635
646 19082.3824391189
647 19080.9956738298
648 19074.7816303448
649 19064.1698487123
650 19049.6161346094
651 19031.5999314150
652 19010.6186603717
653 18987.1793543249
654 18961.7875670491
655 18934.9336471731
656 18907.0770666832
657 18878.6302892324
658 18849.9442263211
659 18821.2976608304
660 18792.8926456821
661 18764.8562837304
662 18737.2485990361
663 18710.0747873494
664 18683.2995884996
665 18656.8616434711
666 18630.6862635939
667 18604.6957702574
668 18578.8172061953
669 18552.9876423475
670 18527.1575441823
671 18501.2926376145
672 18475.3747119566
673 18449.4017190206
674 18423.3874080005
675 18397.3606678397
676 18371.3646892393
677 18345.4560162941
678 18319.7035297981
679 18294.1873776763
680 18268.9978994247
681 18244.2346073852
682 18220.0050012460
683 18196.4234854198
684 18173.6102728659
685 18151.6903497287
686 18130.7925186390
687 18111.0485492698
688 18092.5924753500
689 18075.5600829581
690 18060.0886398320
691 18046.3169190001
692 18034.3855713097
693 18024.4378986197
694 18016.6210810281
695 18011.0879010787
696 18007.9988600923
697 18007.5247427573
698 18009.8494746249
699 18015.1729070326
700 18023.7132422744
701 18035.7084383577
702 18051.4157931364
703 18071.1086773984
704 18095.0693130129
705 18123.5765585503
706 18156.8880484090
707 18195.2167746159
708 18238.7033297273
709 18287.3861276250
710 18341.1731902028
711 18399.8198468239
712 18462.9161729563
713 18529.8872919151
714 18600.0077490661
715 18672.4289811370
716 18746.2169525753
717 18820.3956631307
718 18893.9914654660
719 18966.0729998831
720 19035.7840108215
721 19102.3661223221
722 19165.1709519063
723 19223.6621914295
724 19277.4091798534
725 19326.0741564661
726 19369.3952701498
727 19407.1673129953
728 19439.2217215440
729 19465.4069303580
730 19485.5697399786
731 19499.5380329081
732 19507.1049676456
733 19508.0147150761
734 19501.9498797148
735 19488.5209770212
736 19467.2587268328
737 19437.6104800245
738 19398.9428131309
739 19350.5531532135
740 19291.6940967646
741 19221.6145882435
742 19139.6218733019
743 19045.1665261915
744 18937.9492543894
745 18818.0423523671
746 18686.0112235876
747 18543.0145235472
748 18390.8580829312
749 18231.9809749389
750 18069.3650138746
751 17906.3740579267
752 17746.5482254879
753 17593.3871530726
754 17450.1560932298
755 17319.7382045297
756 17204.5426631412
757 17106.4650831831
758 17026.8883482958
759 16966.7091858305
760 16926.3772112404
761 16905.9368245118
762 16905.0663323266
763 16923.1118908966
764 16959.1169049411
765 17011.8483772562
766 17079.8229353134
767 17161.3351864845
768 17254.4908335472
769 17357.2464325024
770 17467.4566929639
771 17582.9289326159
772 17701.4833243067
773 17821.0153164462
774 17939.5558948428
775 18055.3256127850
776 18166.7776798137
777 18272.6266810743
778 18371.8613204849
779 18463.7419626286
780 18547.7846590785
781 18623.7348602341
782 18691.5349670996
783 18751.2890567634
784 18803.2279225252
785 18847.6765223820
786 18885.0252713128
787 18915.7056320360
788 18940.1701298222
789 18958.8766874893
790 18972.2766384595
791 18980.8059602496
792 18984.8791829475
793 18984.8855067466
794 18981.1867722238
795 18974.1168923502
796 18963.9824414689
797 18951.0641669069
798 18935.6191275873
799 18917.8832702652
800 18898.0742474928
801 18876.3943642802
802 18853.0335057066
803 18828.1719360503
804 18801.9829186876
805 18774.6351353122
806 18746.2947227973
807 18717.1270401284
808 18687.2981307823
809 18656.9758725875
810 18626.3308046760
811 18595.5367273142
812 18564.7710151402
813 18534.2146050370
814 18504.0518120883
815 18474.4699551566
816 18445.6587944312
817 18417.8099505233
818 18391.1161983215
819 18365.7705479531
820 18341.9653672409
821 18319.8914609901
822 18299.7370815607
823 18281.6868026322
824 18265.9201147143
825 18252.6095009240
826 18241.9176185457
827 18233.9927120263
828 18228.9614436799
829 18226.9177600098
830 18227.9062600450
831 18231.8991168191
832 18238.7679793601
833 18248.2581468293
834 18259.9820600521
835 18273.4589064697
836 18288.2221285442
837 18303.9823402251
838 18320.7844739565
839 18339.0869829164
840 18359.7383221542
841 18383.8785588004
842 18412.8076800789
843 18447.8464360879
844 18490.1926228243
845 18540.7643077568
846 18600.0339907333
847 18667.8841097344
848 18743.5313866680
849 18825.5599248802
850 18912.0731432916
851 19000.9351413304
852 19090.0393624334
853 19177.5305517147
854 19261.9246274672
855 19342.1158597043
856 19417.3075474636
857 19486.9220511494
858 19550.5309580058
859 19607.8159828828
860 19658.5501298131
861 19702.5845328954
862 19739.8323475692
863 19770.2479952370
864 19793.8038227740
865 19810.4669724081
866 19820.1785183681
867 19822.8359457660
868 19818.2793866818
869 19806.2818056487
870 19786.5435064933
871 19758.6917021332
872 19722.2864985053
873 19676.8352452644
874 19621.8176870391
875 19556.7244509407
876 19481.1107255565
877 19394.6653185320
878 19297.2924615305
879 19189.1982371571
880 19070.9698936822
881 18943.6321319286
882 18808.6645103460
883 18667.9689204671
884 18523.7855553130
885 18378.5679053696
886 18234.8368363393
887 18095.0377858483
888 17961.4221391234
889 17835.9656413618
890 17720.3270312095
891 17615.8405705059
892 17523.5331758208
893 17444.1553137239
894 17378.2161680263
895 17326.0167913471
896 17287.6777272627
897 17263.1599560953
898 17252.2796003150
899 17254.7176873112
900 17270.0265461315
901 17297.6345302737
902 17336.8502977166
903 17386.8681218024
904 17446.7751725674
905 17515.5611151722
906 17592.1307970103
907 17675.3201557302
908 17763.9152804593
909 17856.6742387493
910 17952.3510061217
911 18049.7205257580
912 18147.6036749811
913 18244.8907640325
914 18340.5621839788
915 18433.7049765659
916 18523.5244108738
917 18609.3500784724
918 18690.6364946611
919 18766.9586435419
920 18838.0032632886
921 18903.5568921256
922 18963.4917715816
923 19017.7506447558
924 19066.3313252107
925 19109.2716878073
926 19146.6355712108
927 19178.4994032216
928 19204.9397620413
929 19226.0214997662
930 19241.7857111002
931 19252.2367210551
932 19257.3268659972
933 19256.9373590879
934 19250.8528456663
935 19238.7262945895
936 19220.0295479746
937 19193.9832638681
938 19159.4584321499
939 19114.8412008052
940 19057.8562633740
941 18985.3562821943
942 18893.1142547052
943 18775.7107898065
944 18626.6870009364
945 18439.2077528922
946 18207.4723568938
947 17928.8961407054
948 17606.5761846336
949 17250.9207536809
950 16879.1749103778
951 16512.4902713051
952 16171.7106183647
953 15873.7946961491
954 15630.1125863448
955 15446.5685804459
956 15324.7333821807
957 15263.1627722752
958 15258.4507600984
959 15305.9068984962
960 15399.9315166708
961 15534.2155438346
962 15701.8804383145
963 15895.6390941073
964 16108.0211324449
965 16331.6697220904
966 16559.6823322871
967 16785.9444523087
968 17005.3973484589
969 17214.1926457427
970 17409.7135929164
971 17590.4744305551
972 17755.9334700457
973 17906.2648805211
974 18042.1310072696
975 18164.4831787301
976 18274.4055323772
977 18373.0038379273
978 18461.3339230048
979 18540.3611351519
980 18610.9418788479
981 18673.8195572879
982 18729.6290370276
983 18778.9055100615
984 18822.0950757099
985 18859.5654893387
986 18891.6160264205
987 18918.4860148869
988 18940.3622660329
989 18957.3851420428
990 18969.6534295041
991 18977.2281868084
992 18980.1357363457
993 18978.3699764331
994 18971.8941899468
995 18960.6425315554
996 18944.5213737624
997 18923.4108114049
998 18897.1664211810
999 18865.6216587990
1000 18828.5913242726
