  -0.230E+02   0.000E+00   0.000E+00   0.000E+00   0.000E+00   0.000E+00
  -0.229E+02   0.000E+00   0.000E+00   0.000E+00   0.000E+00   0.000E+00
  -0.228E+02   0.000E+00   0.000E+00   0.000E+00   0.000E+00   0.000E+00
  -0.227E+02   0.000E+00   0.000E+00   0.000E+00   0.000E+00   0.000E+00
  -0.226E+02   0.000E+00   0.000E+00   0.000E+00   0.000E+00   0.000E+00
  -0.225E+02   0.000E+00   0.000E+00   0.000E+00   0.000E+00   0.000E+00
  -0.224E+02   0.000E+00   0.000E+00   0.000E+00   0.000E+00   0.000E+00
  -0.223E+02   0.000E+00   0.000E+00   0.000E+00   0.000E+00   0.000E+00
  -0.222E+02   0.935E-21   0.908E-23   0.598E-20   0.598E-20   0.598E-20
  -0.221E+02   0.265E-16   0.258E-18   0.169E-15   0.169E-15   0.169E-15
  -0.220E+02   0.110E-12   0.107E-14   0.705E-12   0.705E-12   0.705E-12
  -0.219E+02   0.695E-10   0.673E-12   0.443E-09   0.443E-09   0.443E-09
  -0.218E+02   0.684E-08   0.660E-10   0.436E-07   0.436E-07   0.436E-07
  -0.218E+02   0.112E-06   0.108E-08   0.714E-06   0.714E-06   0.714E-06
  -0.217E+02   0.329E-06   0.316E-08   0.210E-05   0.210E-05   0.210E-05
  -0.216E+02   0.183E-06   0.176E-08   0.117E-05   0.117E-05   0.117E-05
  -0.215E+02   0.188E-07   0.179E-09   0.120E-06   0.120E-06   0.120E-06
  -0.214E+02   0.327E-09   0.311E-11   0.209E-08   0.209E-08   0.209E-08
  -0.213E+02   0.904E-12   0.857E-14   0.577E-11   0.577E-11   0.577E-11
  -0.212E+02   0.380E-15   0.359E-17   0.243E-14   0.243E-14   0.243E-14
  -0.211E+02   0.237E-19   0.223E-21   0.151E-18   0.151E-18   0.151E-18
  -0.210E+02   0.000E+00   0.000E+00   0.000E+00   0.000E+00   0.000E+00
  -0.209E+02   0.000E+00   0.000E+00   0.000E+00   0.000E+00   0.000E+00
  -0.208E+02   0.000E+00   0.000E+00   0.000E+00   0.000E+00   0.000E+00
  -0.207E+02   0.000E+00   0.000E+00   0.000E+00   0.000E+00   0.000E+00
  -0.206E+02   0.000E+00   0.000E+00   0.000E+00   0.000E+00   0.000E+00
  -0.205E+02   0.000E+00   0.000E+00   0.000E+00   0.000E+00   0.000E+00
  -0.204E+02   0.000E+00   0.000E+00   0.000E+00   0.000E+00   0.000E+00
  -0.203E+02   0.000E+00   0.000E+00   0.000E+00   0.000E+00   0.000E+00
  -0.202E+02   0.000E+00   0.000E+00   0.000E+00   0.000E+00   0.000E+00
  -0.201E+02   0.000E+00   0.000E+00   0.000E+00   0.000E+00   0.000E+00
  -0.200E+02   0.000E+00   0.000E+00   0.000E+00   0.000E+00   0.000E+00
  -0.199E+02   0.000E+00   0.000E+00   0.000E+00   0.000E+00   0.000E+00
  -0.198E+02   0.000E+00   0.000E+00   0.000E+00   0.000E+00   0.000E+00
  -0.197E+02   0.000E+00   0.000E+00   0.000E+00   0.000E+00   0.000E+00
  -0.196E+02   0.000E+00   0.000E+00   0.000E+00   0.000E+00   0.000E+00
  -0.195E+02   0.000E+00   0.000E+00   0.000E+00   0.000E+00   0.000E+00
  -0.194E+02   0.000E+00   0.000E+00   0.000E+00   0.000E+00   0.000E+00
  -0.193E+02   0.000E+00   0.000E+00   0.000E+00   0.000E+00   0.000E+00
  -0.192E+02   0.000E+00   0.000E+00   0.000E+00   0.000E+00   0.000E+00
  -0.191E+02   0.000E+00   0.000E+00   0.000E+00   0.000E+00   0.000E+00
  -0.190E+02   0.000E+00   0.000E+00   0.000E+00   0.000E+00   0.000E+00
  -0.189E+02   0.000E+00   0.000E+00   0.000E+00   0.000E+00   0.000E+00
  -0.188E+02   0.000E+00   0.000E+00   0.000E+00   0.000E+00   0.000E+00
  -0.187E+02   0.000E+00   0.000E+00   0.000E+00   0.000E+00   0.000E+00
  -0.186E+02   0.000E+00   0.000E+00   0.000E+00   0.000E+00   0.000E+00
  -0.185E+02   0.000E+00   0.000E+00   0.000E+00   0.000E+00   0.000E+00
  -0.184E+02   0.000E+00   0.000E+00   0.000E+00   0.000E+00   0.000E+00
  -0.183E+02   0.000E+00   0.000E+00   0.000E+00   0.000E+00   0.000E+00
  -0.182E+02   0.000E+00   0.000E+00   0.000E+00   0.000E+00   0.000E+00
  -0.181E+02   0.000E+00   0.000E+00   0.000E+00   0.000E+00   0.000E+00
  -0.180E+02   0.000E+00   0.000E+00   0.000E+00   0.000E+00   0.000E+00
  -0.179E+02   0.000E+00   0.000E+00   0.000E+00   0.000E+00   0.000E+00
  -0.178E+02   0.000E+00   0.000E+00   0.000E+00   0.000E+00   0.000E+00
  -0.177E+02   0.000E+00   0.000E+00   0.000E+00   0.000E+00   0.000E+00
  -0.176E+02   0.000E+00   0.000E+00   0.000E+00   0.000E+00   0.000E+00
  -0.175E+02   0.000E+00   0.000E+00   0.000E+00   0.000E+00   0.000E+00
  -0.174E+02   0.000E+00   0.000E+00   0.000E+00   0.000E+00   0.000E+00
  -0.173E+02   0.000E+00   0.000E+00   0.000E+00   0.000E+00   0.000E+00
  -0.172E+02   0.000E+00   0.000E+00   0.000E+00   0.000E+00   0.000E+00
  -0.171E+02   0.000E+00   0.000E+00   0.000E+00   0.000E+00   0.000E+00
  -0.170E+02   0.000E+00   0.000E+00   0.000E+00   0.000E+00   0.000E+00
  -0.169E+02   0.000E+00   0.000E+00   0.000E+00   0.000E+00   0.000E+00
  -0.168E+02   0.000E+00   0.000E+00   0.000E+00   0.000E+00   0.000E+00
  -0.167E+02   0.000E+00   0.000E+00   0.000E+00   0.000E+00   0.000E+00
  -0.166E+02   0.000E+00   0.000E+00   0.000E+00   0.000E+00   0.000E+00
  -0.165E+02   0.000E+00   0.000E+00   0.000E+00   0.000E+00   0.000E+00
  -0.164E+02   0.000E+00   0.000E+00   0.000E+00   0.000E+00   0.000E+00
  -0.163E+02   0.000E+00   0.000E+00   0.000E+00   0.000E+00   0.000E+00
  -0.162E+02   0.000E+00   0.000E+00   0.000E+00   0.000E+00   0.000E+00
  -0.161E+02   0.000E+00   0.000E+00   0.000E+00   0.000E+00   0.000E+00
  -0.160E+02   0.000E+00   0.000E+00   0.000E+00   0.000E+00   0.000E+00
  -0.159E+02   0.000E+00   0.000E+00   0.000E+00   0.000E+00   0.000E+00
  -0.158E+02   0.000E+00   0.000E+00   0.000E+00   0.000E+00   0.000E+00
  -0.157E+02   0.000E+00   0.000E+00   0.000E+00   0.000E+00   0.000E+00
  -0.156E+02   0.000E+00   0.000E+00   0.000E+00   0.000E+00   0.000E+00
  -0.155E+02   0.000E+00   0.000E+00   0.000E+00   0.000E+00   0.000E+00
  -0.154E+02   0.000E+00   0.000E+00   0.000E+00   0.000E+00   0.000E+00
  -0.153E+02   0.128E-29   0.720E-32   0.384E-19   0.384E-19   0.384E-19
  -0.152E+02   0.314E-16   0.150E-19   0.113E-14   0.113E-14   0.113E-14
  -0.151E+02   0.398E-12   0.273E-15   0.513E-11   0.513E-11   0.513E-11
  -0.150E+02   0.766E-09   0.942E-12   0.376E-08   0.376E-08   0.376E-08
  -0.149E+02   0.241E-06   0.622E-09   0.507E-06   0.507E-06   0.507E-06
  -0.148E+02   0.147E-04   0.785E-07   0.156E-04   0.156E-04   0.156E-04
  -0.147E+02   0.239E-03   0.213E-05   0.136E-03   0.136E-03   0.136E-03
  -0.146E+02   0.147E-02   0.165E-04   0.407E-03   0.408E-03   0.408E-03
  -0.145E+02   0.386E-02   0.558E-04   0.555E-03   0.555E-03   0.555E-03
  -0.144E+02   0.923E-02   0.125E-03   0.668E-03   0.668E-03   0.668E-03
  -0.143E+02   0.257E-01   0.158E-03   0.726E-03   0.726E-03   0.726E-03
  -0.142E+02   0.241E-01   0.823E-04   0.365E-03   0.365E-03   0.365E-03
  -0.141E+02   0.561E-02   0.136E-04   0.607E-04   0.607E-04   0.607E-04
  -0.140E+02   0.293E-03   0.559E-06   0.259E-05   0.259E-05   0.259E-05
  -0.139E+02   0.301E-05   0.493E-08   0.235E-07   0.235E-07   0.235E-07
  -0.138E+02   0.535E-08   0.804E-11   0.393E-10   0.393E-10   0.393E-10
  -0.137E+02   0.151E-11   0.217E-14   0.108E-13   0.108E-13   0.108E-13
  -0.136E+02   0.648E-16   0.909E-19   0.454E-18   0.454E-18   0.454E-18
  -0.135E+02   0.000E+00   0.000E+00   0.000E+00   0.000E+00   0.000E+00
  -0.134E+02   0.000E+00   0.000E+00   0.000E+00   0.000E+00   0.000E+00
  -0.133E+02   0.000E+00   0.000E+00   0.000E+00   0.000E+00   0.000E+00
  -0.132E+02   0.000E+00   0.000E+00   0.000E+00   0.000E+00   0.000E+00
  -0.131E+02   0.000E+00   0.000E+00   0.000E+00   0.000E+00   0.000E+00
  -0.131E+02   0.000E+00   0.000E+00   0.000E+00   0.000E+00   0.000E+00
  -0.130E+02   0.000E+00   0.000E+00   0.000E+00   0.000E+00   0.000E+00
  -0.129E+02   0.000E+00   0.000E+00   0.000E+00   0.000E+00   0.000E+00
  -0.128E+02   0.000E+00   0.000E+00   0.000E+00   0.000E+00   0.000E+00
  -0.127E+02   0.000E+00   0.000E+00   0.000E+00   0.000E+00   0.000E+00
  -0.126E+02   0.000E+00   0.000E+00   0.000E+00   0.000E+00   0.000E+00
  -0.125E+02   0.000E+00   0.000E+00   0.000E+00   0.000E+00   0.000E+00
  -0.124E+02   0.000E+00   0.000E+00   0.000E+00   0.000E+00   0.000E+00
  -0.123E+02   0.000E+00   0.000E+00   0.000E+00   0.000E+00   0.000E+00
  -0.122E+02   0.000E+00   0.000E+00   0.000E+00   0.000E+00   0.000E+00
  -0.121E+02   0.000E+00   0.000E+00   0.000E+00   0.000E+00   0.000E+00
  -0.120E+02   0.000E+00   0.000E+00   0.000E+00   0.000E+00   0.000E+00
  -0.119E+02   0.000E+00   0.000E+00   0.000E+00   0.000E+00   0.000E+00
  -0.118E+02   0.000E+00   0.000E+00   0.000E+00   0.000E+00   0.000E+00
  -0.117E+02   0.000E+00   0.000E+00   0.000E+00   0.000E+00   0.000E+00
  -0.116E+02   0.000E+00   0.000E+00   0.000E+00   0.000E+00   0.000E+00
  -0.115E+02   0.000E+00   0.000E+00   0.000E+00   0.000E+00   0.000E+00
  -0.114E+02   0.000E+00   0.000E+00   0.000E+00   0.000E+00   0.000E+00
  -0.113E+02   0.000E+00   0.000E+00   0.000E+00   0.000E+00   0.000E+00
  -0.112E+02   0.000E+00   0.000E+00   0.000E+00   0.000E+00   0.000E+00
  -0.111E+02   0.000E+00   0.000E+00   0.000E+00   0.000E+00   0.000E+00
  -0.110E+02   0.000E+00   0.000E+00   0.000E+00   0.000E+00   0.000E+00
  -0.109E+02   0.000E+00   0.000E+00   0.000E+00   0.000E+00   0.000E+00
  -0.108E+02   0.000E+00   0.000E+00   0.000E+00   0.000E+00   0.000E+00
  -0.107E+02   0.000E+00   0.000E+00   0.000E+00   0.000E+00   0.000E+00
  -0.106E+02   0.000E+00   0.000E+00   0.000E+00   0.000E+00   0.000E+00
  -0.105E+02   0.000E+00   0.000E+00   0.000E+00   0.000E+00   0.000E+00
  -0.104E+02   0.000E+00   0.000E+00   0.000E+00   0.000E+00   0.000E+00
  -0.103E+02   0.000E+00   0.000E+00   0.000E+00   0.000E+00   0.000E+00
  -0.102E+02   0.000E+00   0.000E+00   0.000E+00   0.000E+00   0.000E+00
  -0.101E+02   0.000E+00   0.000E+00   0.000E+00   0.000E+00   0.000E+00
  -0.999E+01   0.000E+00   0.000E+00   0.000E+00   0.000E+00   0.000E+00
  -0.989E+01   0.000E+00   0.000E+00   0.000E+00   0.000E+00   0.000E+00
  -0.979E+01   0.000E+00   0.000E+00   0.000E+00   0.000E+00   0.000E+00
  -0.969E+01   0.000E+00   0.000E+00   0.000E+00   0.000E+00   0.000E+00
  -0.959E+01   0.621E-34   0.610E-31   0.492E-31   0.492E-31   0.492E-31
  -0.949E+01   0.187E-29   0.183E-26   0.148E-26   0.148E-26   0.148E-26
  -0.939E+01   0.147E-25   0.144E-22   0.117E-22   0.117E-22   0.117E-22
  -0.929E+01   0.341E-16   0.297E-18   0.230E-16   0.230E-16   0.230E-16
  -0.920E+01   0.489E-12   0.402E-14   0.329E-12   0.329E-12   0.329E-12
  -0.910E+01   0.104E-08   0.853E-11   0.699E-09   0.699E-09   0.699E-09
  -0.900E+01   0.337E-06   0.277E-08   0.227E-06   0.227E-06   0.227E-06
  -0.890E+01   0.174E-04   0.143E-06   0.117E-04   0.117E-04   0.117E-04
  -0.880E+01   0.154E-03   0.126E-05   0.103E-03   0.103E-03   0.103E-03
  -0.870E+01   0.265E-03   0.222E-05   0.185E-03   0.185E-03   0.185E-03
  -0.860E+01   0.374E-03   0.385E-05   0.348E-03   0.348E-03   0.348E-03
  -0.850E+01   0.125E-02   0.133E-04   0.108E-02   0.108E-02   0.108E-02
  -0.840E+01   0.124E-02   0.141E-04   0.107E-02   0.107E-02   0.107E-02
  -0.831E+01   0.121E-02   0.116E-04   0.140E-02   0.140E-02   0.140E-02
  -0.821E+01   0.218E-02   0.142E-04   0.198E-02   0.198E-02   0.198E-02
  -0.811E+01   0.108E-02   0.601E-05   0.973E-03   0.973E-03   0.973E-03
  -0.801E+01   0.118E-02   0.645E-05   0.174E-02   0.174E-02   0.174E-02
  -0.791E+01   0.160E-02   0.619E-05   0.200E-02   0.200E-02   0.200E-02
  -0.781E+01   0.564E-03   0.117E-05   0.621E-03   0.621E-03   0.621E-03
  -0.771E+01   0.399E-03   0.447E-07   0.890E-03   0.890E-03   0.890E-03
  -0.761E+01   0.532E-03   0.872E-08   0.126E-02   0.126E-02   0.126E-02
  -0.751E+01   0.147E-03   0.235E-08   0.351E-03   0.351E-03   0.351E-03
  -0.742E+01   0.721E-05   0.115E-09   0.884E-04   0.884E-04   0.884E-04
  -0.732E+01   0.584E-07   0.936E-12   0.291E-03   0.291E-03   0.291E-03
  -0.722E+01   0.737E-10   0.120E-14   0.224E-03   0.224E-03   0.224E-03
  -0.712E+01   0.205E-13   0.334E-17   0.320E-04   0.320E-04   0.320E-04
  -0.702E+01   0.162E-15   0.771E-19   0.792E-06   0.791E-06   0.791E-06
  -0.692E+01   0.642E-18   0.306E-21   0.314E-08   0.314E-08   0.314E-08
  -0.682E+01   0.390E-21   0.186E-24   0.191E-11   0.191E-11   0.191E-11
  -0.672E+01   0.353E-25   0.168E-28   0.173E-15   0.173E-15   0.173E-15
  -0.662E+01   0.000E+00   0.000E+00   0.000E+00   0.000E+00   0.000E+00
  -0.653E+01   0.000E+00   0.000E+00   0.000E+00   0.000E+00   0.000E+00
  -0.643E+01   0.000E+00   0.000E+00   0.000E+00   0.000E+00   0.000E+00
  -0.633E+01   0.000E+00   0.000E+00   0.000E+00   0.000E+00   0.000E+00
  -0.623E+01   0.000E+00   0.000E+00   0.000E+00   0.000E+00   0.000E+00
  -0.613E+01   0.000E+00   0.000E+00   0.000E+00   0.000E+00   0.000E+00
  -0.603E+01   0.000E+00   0.000E+00   0.000E+00   0.000E+00   0.000E+00
  -0.593E+01   0.000E+00   0.000E+00   0.000E+00   0.000E+00   0.000E+00
  -0.583E+01   0.000E+00   0.000E+00   0.000E+00   0.000E+00   0.000E+00
  -0.574E+01   0.000E+00   0.000E+00   0.000E+00   0.000E+00   0.000E+00
  -0.564E+01   0.000E+00   0.000E+00   0.000E+00   0.000E+00   0.000E+00
  -0.554E+01   0.000E+00   0.000E+00   0.000E+00   0.000E+00   0.000E+00
  -0.544E+01   0.000E+00   0.000E+00   0.000E+00   0.000E+00   0.000E+00
  -0.534E+01   0.000E+00   0.000E+00   0.000E+00   0.000E+00   0.000E+00
  -0.524E+01   0.000E+00   0.000E+00   0.000E+00   0.000E+00   0.000E+00
  -0.514E+01   0.000E+00   0.000E+00   0.000E+00   0.000E+00   0.000E+00
  -0.504E+01   0.000E+00   0.000E+00   0.000E+00   0.000E+00   0.000E+00
  -0.494E+01   0.000E+00   0.000E+00   0.000E+00   0.000E+00   0.000E+00
  -0.485E+01   0.340E-32   0.455E-32   0.155E-32   0.155E-32   0.155E-32
  -0.475E+01   0.476E-17   0.213E-16   0.106E-16   0.106E-16   0.106E-16
  -0.465E+01   0.778E-13   0.348E-12   0.174E-12   0.174E-12   0.174E-12
  -0.455E+01   0.193E-09   0.865E-09   0.436E-09   0.436E-09   0.436E-09
  -0.445E+01   0.764E-07   0.343E-06   0.177E-06   0.177E-06   0.177E-06
  -0.435E+01   0.536E-05   0.238E-04   0.131E-04   0.131E-04   0.131E-04
  -0.425E+01   0.778E-04   0.334E-03   0.205E-03   0.205E-03   0.205E-03
  -0.415E+01   0.274E-03   0.110E-02   0.821E-03   0.821E-03   0.821E-03
  -0.405E+01   0.257E-03   0.966E-03   0.986E-03   0.986E-03   0.986E-03
  -0.396E+01   0.636E-04   0.228E-03   0.393E-03   0.393E-03   0.393E-03
  -0.386E+01   0.511E-05   0.128E-04   0.503E-04   0.503E-04   0.503E-04
  -0.376E+01   0.234E-03   0.284E-06   0.624E-05   0.624E-05   0.624E-05
  -0.366E+01   0.671E-02   0.107E-04   0.135E-03   0.135E-03   0.135E-03
  -0.356E+01   0.427E-01   0.164E-03   0.922E-03   0.922E-03   0.922E-03
  -0.346E+01   0.835E-01   0.702E-03   0.216E-02   0.216E-02   0.216E-02
  -0.336E+01   0.768E-01   0.116E-02   0.254E-02   0.255E-02   0.255E-02
  -0.326E+01   0.572E-01   0.124E-02   0.253E-02   0.253E-02   0.253E-02
  -0.316E+01   0.540E-01   0.162E-02   0.288E-02   0.288E-02   0.288E-02
  -0.307E+01   0.257E-01   0.164E-02   0.149E-02   0.149E-02   0.149E-02
  -0.297E+01   0.230E-01   0.186E-02   0.404E-03   0.404E-03   0.404E-03
  -0.287E+01   0.356E-01   0.226E-02   0.203E-03   0.203E-03   0.203E-03
  -0.277E+01   0.302E-01   0.201E-02   0.229E-03   0.229E-03   0.229E-03
  -0.267E+01   0.285E-01   0.258E-02   0.306E-03   0.306E-03   0.306E-03
  -0.257E+01   0.392E-01   0.515E-02   0.784E-03   0.784E-03   0.784E-03
  -0.247E+01   0.800E-01   0.815E-02   0.139E-02   0.139E-02   0.139E-02
  -0.237E+01   0.125E+00   0.913E-02   0.118E-02   0.118E-02   0.118E-02
  -0.227E+01   0.947E-01   0.135E-01   0.128E-02   0.128E-02   0.128E-02
  -0.218E+01   0.516E-01   0.118E-01   0.205E-02   0.205E-02   0.205E-02
  -0.208E+01   0.332E-01   0.897E-02   0.353E-02   0.353E-02   0.353E-02
  -0.198E+01   0.278E-01   0.104E-01   0.259E-02   0.259E-02   0.259E-02
  -0.188E+01   0.106E-01   0.508E-02   0.791E-03   0.791E-03   0.791E-03
  -0.178E+01   0.603E-02   0.128E-02   0.207E-03   0.207E-03   0.207E-03
  -0.168E+01   0.200E-01   0.556E-03   0.462E-03   0.462E-03   0.462E-03
  -0.158E+01   0.425E-01   0.114E-03   0.142E-02   0.142E-02   0.142E-02
  -0.148E+01   0.682E-01   0.636E-04   0.295E-02   0.295E-02   0.295E-02
  -0.139E+01   0.480E-01   0.538E-04   0.255E-02   0.255E-02   0.255E-02
  -0.129E+01   0.112E-01   0.145E-04   0.651E-03   0.651E-03   0.651E-03
  -0.119E+01   0.178E-02   0.250E-04   0.764E-04   0.764E-04   0.764E-04
  -0.109E+01   0.786E-02   0.152E-03   0.298E-03   0.298E-03   0.298E-03
  -0.990E+00   0.146E-01   0.231E-03   0.718E-03   0.718E-03   0.718E-03
  -0.891E+00   0.129E-01   0.153E-03   0.810E-03   0.810E-03   0.810E-03
  -0.793E+00   0.370E-02   0.397E-04   0.245E-03   0.245E-03   0.245E-03
  -0.694E+00   0.212E-03   0.225E-05   0.142E-04   0.142E-04   0.142E-04
  -0.595E+00   0.205E-05   0.216E-07   0.137E-06   0.137E-06   0.137E-06
  -0.496E+00   0.309E-08   0.326E-10   0.206E-09   0.206E-09   0.206E-09
  -0.397E+00   0.701E-12   0.744E-14   0.470E-13   0.470E-13   0.470E-13
  -0.298E+00   0.250E-16   0.893E-17   0.253E-16   0.253E-16   0.253E-16
  -0.199E+00   0.708E-20   0.390E-18   0.106E-17   0.106E-17   0.106E-17
  -0.101E+00   0.523E-22   0.288E-20   0.785E-20   0.785E-20   0.785E-20
  -0.185E-02   0.599E-25   0.329E-23   0.899E-23   0.898E-23   0.898E-23
   0.972E-01   0.103E-28   0.566E-27   0.154E-26   0.154E-26   0.154E-26
   0.196E+00   0.292E-33   0.161E-31   0.438E-31   0.438E-31   0.438E-31
   0.295E+00   0.000E+00   0.000E+00   0.000E+00   0.000E+00   0.000E+00
   0.394E+00   0.000E+00   0.000E+00   0.000E+00   0.000E+00   0.000E+00
   0.493E+00   0.000E+00   0.000E+00   0.000E+00   0.000E+00   0.000E+00
   0.591E+00   0.000E+00   0.000E+00   0.000E+00   0.000E+00   0.000E+00
   0.690E+00   0.000E+00   0.000E+00   0.000E+00   0.000E+00   0.000E+00
   0.789E+00   0.253E-26   0.283E-14   0.927E-14   0.928E-14   0.928E-14
   0.888E+00   0.218E-22   0.244E-10   0.799E-10   0.799E-10   0.799E-10
   0.987E+00   0.923E-17   0.314E-07   0.103E-06   0.103E-06   0.103E-06
   0.109E+01   0.211E-12   0.621E-05   0.203E-04   0.203E-04   0.203E-04
   0.119E+01   0.718E-09   0.199E-03   0.652E-03   0.652E-03   0.652E-03
   0.128E+01   0.369E-06   0.112E-02   0.366E-02   0.366E-02   0.366E-02
   0.138E+01   0.298E-04   0.124E-02   0.437E-02   0.437E-02   0.437E-02
   0.148E+01   0.404E-03   0.129E-02   0.815E-02   0.815E-02   0.815E-02
   0.158E+01   0.101E-02   0.262E-02   0.184E-01   0.184E-01   0.184E-01
   0.168E+01   0.928E-03   0.152E-02   0.139E-01   0.139E-01   0.139E-01
   0.178E+01   0.195E-02   0.137E-02   0.245E-01   0.245E-01   0.245E-01
   0.188E+01   0.159E-02   0.989E-03   0.215E-01   0.215E-01   0.215E-01
   0.198E+01   0.101E-02   0.194E-03   0.157E-01   0.157E-01   0.157E-01
   0.207E+01   0.101E-02   0.711E-04   0.161E-01   0.161E-01   0.161E-01
   0.217E+01   0.237E-03   0.171E-04   0.614E-02   0.614E-02   0.614E-02
   0.227E+01   0.988E-05   0.264E-05   0.433E-02   0.433E-02   0.433E-02
   0.237E+01   0.675E-07   0.649E-06   0.136E-02   0.136E-02   0.136E-02
   0.247E+01   0.722E-10   0.377E-07   0.795E-04   0.795E-04   0.795E-04
   0.257E+01   0.368E-08   0.333E-08   0.956E-06   0.956E-06   0.956E-06
   0.267E+01   0.234E-05   0.189E-05   0.158E-04   0.158E-04   0.158E-04
   0.277E+01   0.234E-03   0.188E-03   0.332E-03   0.332E-03   0.332E-03
   0.287E+01   0.393E-02   0.313E-02   0.281E-02   0.281E-02   0.281E-02
   0.296E+01   0.150E-01   0.993E-02   0.843E-02   0.843E-02   0.843E-02
   0.306E+01   0.371E-01   0.122E-01   0.160E-01   0.160E-01   0.160E-01
   0.316E+01   0.643E-01   0.203E-01   0.288E-01   0.288E-01   0.288E-01
   0.326E+01   0.823E-01   0.246E-01   0.355E-01   0.355E-01   0.355E-01
   0.336E+01   0.978E-01   0.201E-01   0.401E-01   0.401E-01   0.401E-01
   0.346E+01   0.793E-01   0.791E-02   0.302E-01   0.302E-01   0.302E-01
   0.356E+01   0.643E-01   0.282E-02   0.198E-01   0.198E-01   0.198E-01
   0.366E+01   0.206E-01   0.622E-03   0.588E-02   0.588E-02   0.588E-02
   0.376E+01   0.527E-02   0.192E-03   0.184E-02   0.184E-02   0.184E-02
   0.385E+01   0.174E-01   0.252E-02   0.696E-02   0.696E-02   0.696E-02
   0.395E+01   0.201E-01   0.263E-01   0.128E-01   0.128E-01   0.128E-01
   0.405E+01   0.150E-01   0.652E-01   0.170E-01   0.170E-01   0.170E-01
   0.415E+01   0.519E-02   0.444E-01   0.870E-02   0.870E-02   0.870E-02
   0.425E+01   0.161E-02   0.619E-01   0.117E-01   0.117E-01   0.117E-01
   0.435E+01   0.146E-02   0.156E+00   0.185E-01   0.185E-01   0.185E-01
   0.445E+01   0.848E-03   0.249E+00   0.198E-01   0.198E-01   0.198E-01
   0.455E+01   0.433E-02   0.190E+00   0.252E-01   0.252E-01   0.252E-01
   0.465E+01   0.144E-01   0.383E+00   0.541E-01   0.541E-01   0.541E-01
   0.474E+01   0.261E-01   0.590E+00   0.584E-01   0.584E-01   0.584E-01
   0.484E+01   0.361E-01   0.468E+00   0.425E-01   0.425E-01   0.425E-01
   0.494E+01   0.331E-01   0.544E+00   0.366E-01   0.366E-01   0.366E-01
   0.504E+01   0.133E-01   0.510E+00   0.248E-01   0.248E-01   0.248E-01
   0.514E+01   0.659E-02   0.445E+00   0.217E-01   0.217E-01   0.217E-01
   0.524E+01   0.488E-02   0.333E+00   0.170E-01   0.170E-01   0.170E-01
   0.534E+01   0.142E-02   0.625E-01   0.490E-02   0.490E-02   0.490E-02
   0.544E+01   0.253E-03   0.260E-02   0.837E-03   0.837E-03   0.837E-03
   0.553E+01   0.144E-04   0.415E-04   0.471E-04   0.471E-04   0.471E-04
   0.563E+01   0.148E-06   0.309E-06   0.484E-06   0.484E-06   0.484E-06
   0.573E+01   0.241E-09   0.483E-09   0.785E-09   0.785E-09   0.785E-09
   0.583E+01   0.589E-13   0.118E-12   0.192E-12   0.192E-12   0.192E-12
   0.593E+01   0.202E-17   0.405E-17   0.660E-17   0.660E-17   0.660E-17
   0.603E+01   0.000E+00   0.000E+00   0.000E+00   0.000E+00   0.000E+00
   0.613E+01   0.000E+00   0.000E+00   0.000E+00   0.000E+00   0.000E+00
   0.623E+01   0.000E+00   0.000E+00   0.000E+00   0.000E+00   0.000E+00
   0.633E+01   0.000E+00   0.000E+00   0.000E+00   0.000E+00   0.000E+00
   0.642E+01   0.000E+00   0.000E+00   0.000E+00   0.000E+00   0.000E+00
   0.652E+01   0.000E+00   0.000E+00   0.000E+00   0.000E+00   0.000E+00
   0.662E+01   0.000E+00   0.000E+00   0.000E+00   0.000E+00   0.000E+00
