  -0.230E+02   0.000E+00   0.000E+00   0.000E+00   0.000E+00   0.000E+00
  -0.229E+02   0.000E+00   0.000E+00   0.000E+00   0.000E+00   0.000E+00
  -0.228E+02   0.000E+00   0.000E+00   0.000E+00   0.000E+00   0.000E+00
  -0.227E+02   0.000E+00   0.000E+00   0.000E+00   0.000E+00   0.000E+00
  -0.226E+02   0.000E+00   0.000E+00   0.000E+00   0.000E+00   0.000E+00
  -0.225E+02   0.000E+00   0.000E+00   0.000E+00   0.000E+00   0.000E+00
  -0.224E+02   0.000E+00   0.000E+00   0.000E+00   0.000E+00   0.000E+00
  -0.223E+02   0.000E+00   0.000E+00   0.000E+00   0.000E+00   0.000E+00
  -0.222E+02   0.909E-20   0.535E-22   0.390E-19   0.390E-19   0.390E-19
  -0.221E+02   0.258E-15   0.151E-17   0.111E-14   0.111E-14   0.111E-14
  -0.220E+02   0.107E-11   0.629E-14   0.460E-11   0.460E-11   0.460E-11
  -0.219E+02   0.668E-09   0.394E-11   0.289E-08   0.289E-08   0.289E-08
  -0.218E+02   0.654E-07   0.387E-09   0.283E-06   0.283E-06   0.283E-06
  -0.218E+02   0.106E-05   0.631E-08   0.462E-05   0.462E-05   0.462E-05
  -0.217E+02   0.312E-05   0.185E-07   0.136E-04   0.136E-04   0.136E-04
  -0.216E+02   0.173E-05   0.103E-07   0.754E-05   0.754E-05   0.754E-05
  -0.215E+02   0.176E-06   0.105E-08   0.769E-06   0.769E-06   0.769E-06
  -0.214E+02   0.304E-08   0.182E-10   0.134E-07   0.134E-07   0.134E-07
  -0.213E+02   0.837E-11   0.501E-13   0.368E-10   0.368E-10   0.368E-10
  -0.212E+02   0.350E-14   0.210E-16   0.154E-13   0.154E-13   0.154E-13
  -0.211E+02   0.217E-18   0.130E-20   0.959E-18   0.959E-18   0.959E-18
  -0.210E+02   0.000E+00   0.000E+00   0.000E+00   0.000E+00   0.000E+00
  -0.209E+02   0.000E+00   0.000E+00   0.000E+00   0.000E+00   0.000E+00
  -0.208E+02   0.000E+00   0.000E+00   0.000E+00   0.000E+00   0.000E+00
  -0.207E+02   0.000E+00   0.000E+00   0.000E+00   0.000E+00   0.000E+00
  -0.206E+02   0.000E+00   0.000E+00   0.000E+00   0.000E+00   0.000E+00
  -0.205E+02   0.000E+00   0.000E+00   0.000E+00   0.000E+00   0.000E+00
  -0.204E+02   0.000E+00   0.000E+00   0.000E+00   0.000E+00   0.000E+00
  -0.203E+02   0.000E+00   0.000E+00   0.000E+00   0.000E+00   0.000E+00
  -0.202E+02   0.000E+00   0.000E+00   0.000E+00   0.000E+00   0.000E+00
  -0.201E+02   0.000E+00   0.000E+00   0.000E+00   0.000E+00   0.000E+00
  -0.200E+02   0.000E+00   0.000E+00   0.000E+00   0.000E+00   0.000E+00
  -0.199E+02   0.000E+00   0.000E+00   0.000E+00   0.000E+00   0.000E+00
  -0.198E+02   0.000E+00   0.000E+00   0.000E+00   0.000E+00   0.000E+00
  -0.197E+02   0.000E+00   0.000E+00   0.000E+00   0.000E+00   0.000E+00
  -0.196E+02   0.000E+00   0.000E+00   0.000E+00   0.000E+00   0.000E+00
  -0.195E+02   0.000E+00   0.000E+00   0.000E+00   0.000E+00   0.000E+00
  -0.194E+02   0.000E+00   0.000E+00   0.000E+00   0.000E+00   0.000E+00
  -0.193E+02   0.000E+00   0.000E+00   0.000E+00   0.000E+00   0.000E+00
  -0.192E+02   0.000E+00   0.000E+00   0.000E+00   0.000E+00   0.000E+00
  -0.191E+02   0.000E+00   0.000E+00   0.000E+00   0.000E+00   0.000E+00
  -0.190E+02   0.000E+00   0.000E+00   0.000E+00   0.000E+00   0.000E+00
  -0.189E+02   0.000E+00   0.000E+00   0.000E+00   0.000E+00   0.000E+00
  -0.188E+02   0.000E+00   0.000E+00   0.000E+00   0.000E+00   0.000E+00
  -0.187E+02   0.000E+00   0.000E+00   0.000E+00   0.000E+00   0.000E+00
  -0.186E+02   0.000E+00   0.000E+00   0.000E+00   0.000E+00   0.000E+00
  -0.185E+02   0.000E+00   0.000E+00   0.000E+00   0.000E+00   0.000E+00
  -0.184E+02   0.000E+00   0.000E+00   0.000E+00   0.000E+00   0.000E+00
  -0.183E+02   0.000E+00   0.000E+00   0.000E+00   0.000E+00   0.000E+00
  -0.182E+02   0.000E+00   0.000E+00   0.000E+00   0.000E+00   0.000E+00
  -0.181E+02   0.000E+00   0.000E+00   0.000E+00   0.000E+00   0.000E+00
  -0.180E+02   0.000E+00   0.000E+00   0.000E+00   0.000E+00   0.000E+00
  -0.179E+02   0.000E+00   0.000E+00   0.000E+00   0.000E+00   0.000E+00
  -0.178E+02   0.000E+00   0.000E+00   0.000E+00   0.000E+00   0.000E+00
  -0.177E+02   0.000E+00   0.000E+00   0.000E+00   0.000E+00   0.000E+00
  -0.176E+02   0.000E+00   0.000E+00   0.000E+00   0.000E+00   0.000E+00
  -0.175E+02   0.000E+00   0.000E+00   0.000E+00   0.000E+00   0.000E+00
  -0.174E+02   0.000E+00   0.000E+00   0.000E+00   0.000E+00   0.000E+00
  -0.173E+02   0.000E+00   0.000E+00   0.000E+00   0.000E+00   0.000E+00
  -0.172E+02   0.000E+00   0.000E+00   0.000E+00   0.000E+00   0.000E+00
  -0.171E+02   0.000E+00   0.000E+00   0.000E+00   0.000E+00   0.000E+00
  -0.170E+02   0.000E+00   0.000E+00   0.000E+00   0.000E+00   0.000E+00
  -0.169E+02   0.000E+00   0.000E+00   0.000E+00   0.000E+00   0.000E+00
  -0.168E+02   0.000E+00   0.000E+00   0.000E+00   0.000E+00   0.000E+00
  -0.167E+02   0.000E+00   0.000E+00   0.000E+00   0.000E+00   0.000E+00
  -0.166E+02   0.000E+00   0.000E+00   0.000E+00   0.000E+00   0.000E+00
  -0.165E+02   0.000E+00   0.000E+00   0.000E+00   0.000E+00   0.000E+00
  -0.164E+02   0.000E+00   0.000E+00   0.000E+00   0.000E+00   0.000E+00
  -0.163E+02   0.000E+00   0.000E+00   0.000E+00   0.000E+00   0.000E+00
  -0.162E+02   0.000E+00   0.000E+00   0.000E+00   0.000E+00   0.000E+00
  -0.161E+02   0.000E+00   0.000E+00   0.000E+00   0.000E+00   0.000E+00
  -0.160E+02   0.000E+00   0.000E+00   0.000E+00   0.000E+00   0.000E+00
  -0.159E+02   0.000E+00   0.000E+00   0.000E+00   0.000E+00   0.000E+00
  -0.158E+02   0.000E+00   0.000E+00   0.000E+00   0.000E+00   0.000E+00
  -0.157E+02   0.000E+00   0.000E+00   0.000E+00   0.000E+00   0.000E+00
  -0.156E+02   0.000E+00   0.000E+00   0.000E+00   0.000E+00   0.000E+00
  -0.155E+02   0.000E+00   0.000E+00   0.000E+00   0.000E+00   0.000E+00
  -0.154E+02   0.000E+00   0.000E+00   0.000E+00   0.000E+00   0.000E+00
  -0.153E+02   0.832E-31   0.108E-32   0.215E-31   0.215E-31   0.215E-31
  -0.152E+02   0.361E-15   0.382E-16   0.134E-16   0.134E-16   0.134E-16
  -0.151E+02   0.464E-11   0.485E-12   0.171E-12   0.171E-12   0.171E-12
  -0.150E+02   0.925E-08   0.942E-09   0.333E-09   0.333E-09   0.333E-09
  -0.149E+02   0.312E-05   0.300E-06   0.107E-06   0.107E-06   0.107E-06
  -0.148E+02   0.207E-03   0.180E-04   0.653E-05   0.653E-05   0.653E-05
  -0.147E+02   0.326E-02   0.254E-03   0.945E-04   0.945E-04   0.945E-04
  -0.146E+02   0.156E-01   0.109E-02   0.418E-03   0.418E-03   0.418E-03
  -0.145E+02   0.416E-01   0.176E-02   0.700E-03   0.700E-03   0.700E-03
  -0.144E+02   0.111E+00   0.165E-02   0.590E-03   0.590E-03   0.590E-03
  -0.143E+02   0.132E+00   0.127E-02   0.414E-03   0.414E-03   0.414E-03
  -0.142E+02   0.511E-01   0.433E-03   0.185E-03   0.185E-03   0.185E-03
  -0.141E+02   0.570E-02   0.421E-04   0.255E-04   0.255E-04   0.255E-04
  -0.140E+02   0.144E-03   0.880E-06   0.743E-06   0.743E-06   0.743E-06
  -0.139E+02   0.685E-06   0.334E-08   0.391E-08   0.391E-08   0.391E-08
  -0.138E+02   0.557E-09   0.214E-11   0.341E-11   0.341E-11   0.341E-11
  -0.137E+02   0.731E-13   0.223E-15   0.468E-15   0.468E-15   0.468E-15
  -0.136E+02   0.107E-17   0.114E-20   0.741E-20   0.741E-20   0.741E-20
  -0.135E+02   0.000E+00   0.000E+00   0.000E+00   0.000E+00   0.000E+00
  -0.134E+02   0.000E+00   0.000E+00   0.000E+00   0.000E+00   0.000E+00
  -0.133E+02   0.000E+00   0.000E+00   0.000E+00   0.000E+00   0.000E+00
  -0.132E+02   0.000E+00   0.000E+00   0.000E+00   0.000E+00   0.000E+00
  -0.131E+02   0.000E+00   0.000E+00   0.000E+00   0.000E+00   0.000E+00
  -0.131E+02   0.000E+00   0.000E+00   0.000E+00   0.000E+00   0.000E+00
  -0.130E+02   0.000E+00   0.000E+00   0.000E+00   0.000E+00   0.000E+00
  -0.129E+02   0.000E+00   0.000E+00   0.000E+00   0.000E+00   0.000E+00
  -0.128E+02   0.000E+00   0.000E+00   0.000E+00   0.000E+00   0.000E+00
  -0.127E+02   0.000E+00   0.000E+00   0.000E+00   0.000E+00   0.000E+00
  -0.126E+02   0.000E+00   0.000E+00   0.000E+00   0.000E+00   0.000E+00
  -0.125E+02   0.000E+00   0.000E+00   0.000E+00   0.000E+00   0.000E+00
  -0.124E+02   0.000E+00   0.000E+00   0.000E+00   0.000E+00   0.000E+00
  -0.123E+02   0.000E+00   0.000E+00   0.000E+00   0.000E+00   0.000E+00
  -0.122E+02   0.000E+00   0.000E+00   0.000E+00   0.000E+00   0.000E+00
  -0.121E+02   0.000E+00   0.000E+00   0.000E+00   0.000E+00   0.000E+00
  -0.120E+02   0.000E+00   0.000E+00   0.000E+00   0.000E+00   0.000E+00
  -0.119E+02   0.000E+00   0.000E+00   0.000E+00   0.000E+00   0.000E+00
  -0.118E+02   0.000E+00   0.000E+00   0.000E+00   0.000E+00   0.000E+00
  -0.117E+02   0.000E+00   0.000E+00   0.000E+00   0.000E+00   0.000E+00
  -0.116E+02   0.000E+00   0.000E+00   0.000E+00   0.000E+00   0.000E+00
  -0.115E+02   0.000E+00   0.000E+00   0.000E+00   0.000E+00   0.000E+00
  -0.114E+02   0.000E+00   0.000E+00   0.000E+00   0.000E+00   0.000E+00
  -0.113E+02   0.000E+00   0.000E+00   0.000E+00   0.000E+00   0.000E+00
  -0.112E+02   0.000E+00   0.000E+00   0.000E+00   0.000E+00   0.000E+00
  -0.111E+02   0.000E+00   0.000E+00   0.000E+00   0.000E+00   0.000E+00
  -0.110E+02   0.000E+00   0.000E+00   0.000E+00   0.000E+00   0.000E+00
  -0.109E+02   0.000E+00   0.000E+00   0.000E+00   0.000E+00   0.000E+00
  -0.108E+02   0.000E+00   0.000E+00   0.000E+00   0.000E+00   0.000E+00
  -0.107E+02   0.000E+00   0.000E+00   0.000E+00   0.000E+00   0.000E+00
  -0.106E+02   0.000E+00   0.000E+00   0.000E+00   0.000E+00   0.000E+00
  -0.105E+02   0.000E+00   0.000E+00   0.000E+00   0.000E+00   0.000E+00
  -0.104E+02   0.000E+00   0.000E+00   0.000E+00   0.000E+00   0.000E+00
  -0.103E+02   0.000E+00   0.000E+00   0.000E+00   0.000E+00   0.000E+00
  -0.102E+02   0.000E+00   0.000E+00   0.000E+00   0.000E+00   0.000E+00
  -0.101E+02   0.000E+00   0.000E+00   0.000E+00   0.000E+00   0.000E+00
  -0.999E+01   0.000E+00   0.000E+00   0.000E+00   0.000E+00   0.000E+00
  -0.989E+01   0.000E+00   0.000E+00   0.000E+00   0.000E+00   0.000E+00
  -0.979E+01   0.000E+00   0.000E+00   0.000E+00   0.000E+00   0.000E+00
  -0.969E+01   0.000E+00   0.000E+00   0.000E+00   0.000E+00   0.000E+00
  -0.959E+01   0.600E-32   0.148E-33   0.569E-18   0.569E-18   0.569E-18
  -0.949E+01   0.181E-27   0.446E-29   0.171E-13   0.171E-13   0.171E-13
  -0.939E+01   0.142E-23   0.351E-25   0.135E-09   0.135E-09   0.135E-09
  -0.929E+01   0.274E-15   0.413E-22   0.158E-06   0.158E-06   0.158E-06
  -0.920E+01   0.393E-11   0.772E-20   0.287E-04   0.287E-04   0.287E-04
  -0.910E+01   0.836E-08   0.639E-17   0.846E-03   0.846E-03   0.846E-03
  -0.900E+01   0.271E-05   0.288E-11   0.440E-02   0.440E-02   0.440E-02
  -0.890E+01   0.140E-03   0.379E-07   0.621E-02   0.621E-02   0.621E-02
  -0.880E+01   0.124E-02   0.785E-04   0.183E-01   0.183E-01   0.183E-01
  -0.870E+01   0.220E-02   0.259E-01   0.298E-01   0.298E-01   0.298E-01
  -0.860E+01   0.378E-02   0.140E+01   0.295E-01   0.295E-01   0.295E-01
  -0.850E+01   0.958E-02   0.133E+02   0.694E-01   0.694E-01   0.694E-01
  -0.840E+01   0.739E-02   0.237E+02   0.552E-01   0.552E-01   0.552E-01
  -0.831E+01   0.113E-01   0.818E+01   0.538E-01   0.538E-01   0.538E-01
  -0.821E+01   0.142E-01   0.520E+00   0.733E-01   0.733E-01   0.733E-01
  -0.811E+01   0.587E-02   0.591E-02   0.307E-01   0.307E-01   0.307E-01
  -0.801E+01   0.102E-01   0.818E-03   0.360E-01   0.360E-01   0.360E-01
  -0.791E+01   0.101E-01   0.913E-03   0.396E-01   0.396E-01   0.396E-01
  -0.781E+01   0.223E-02   0.258E-03   0.106E-01   0.106E-01   0.106E-01
  -0.771E+01   0.253E-02   0.319E-03   0.797E-02   0.797E-02   0.797E-02
  -0.761E+01   0.361E-02   0.449E-03   0.109E-01   0.109E-01   0.109E-01
  -0.751E+01   0.996E-03   0.124E-03   0.301E-02   0.301E-02   0.301E-02
  -0.742E+01   0.490E-04   0.610E-05   0.148E-03   0.148E-03   0.148E-03
  -0.732E+01   0.397E-06   0.494E-07   0.120E-05   0.120E-05   0.120E-05
  -0.722E+01   0.500E-09   0.623E-10   0.151E-08   0.151E-08   0.151E-08
  -0.712E+01   0.947E-13   0.118E-13   0.286E-12   0.286E-12   0.286E-12
  -0.702E+01   0.254E-17   0.310E-18   0.750E-17   0.750E-17   0.750E-17
  -0.692E+01   0.222E-21   0.348E-23   0.250E-22   0.250E-22   0.250E-22
  -0.682E+01   0.135E-24   0.211E-26   0.152E-25   0.152E-25   0.152E-25
  -0.672E+01   0.122E-28   0.191E-30   0.137E-29   0.137E-29   0.137E-29
  -0.662E+01   0.000E+00   0.000E+00   0.000E+00   0.000E+00   0.000E+00
  -0.653E+01   0.000E+00   0.000E+00   0.000E+00   0.000E+00   0.000E+00
  -0.643E+01   0.000E+00   0.000E+00   0.000E+00   0.000E+00   0.000E+00
  -0.633E+01   0.000E+00   0.000E+00   0.000E+00   0.000E+00   0.000E+00
  -0.623E+01   0.000E+00   0.000E+00   0.000E+00   0.000E+00   0.000E+00
  -0.613E+01   0.000E+00   0.000E+00   0.000E+00   0.000E+00   0.000E+00
  -0.603E+01   0.000E+00   0.000E+00   0.000E+00   0.000E+00   0.000E+00
  -0.593E+01   0.000E+00   0.000E+00   0.000E+00   0.000E+00   0.000E+00
  -0.583E+01   0.000E+00   0.000E+00   0.000E+00   0.000E+00   0.000E+00
  -0.574E+01   0.000E+00   0.000E+00   0.000E+00   0.000E+00   0.000E+00
  -0.564E+01   0.000E+00   0.000E+00   0.000E+00   0.000E+00   0.000E+00
  -0.554E+01   0.000E+00   0.000E+00   0.000E+00   0.000E+00   0.000E+00
  -0.544E+01   0.000E+00   0.000E+00   0.000E+00   0.000E+00   0.000E+00
  -0.534E+01   0.000E+00   0.000E+00   0.000E+00   0.000E+00   0.000E+00
  -0.524E+01   0.000E+00   0.000E+00   0.000E+00   0.000E+00   0.000E+00
  -0.514E+01   0.000E+00   0.000E+00   0.000E+00   0.000E+00   0.000E+00
  -0.504E+01   0.000E+00   0.000E+00   0.000E+00   0.000E+00   0.000E+00
  -0.494E+01   0.000E+00   0.000E+00   0.000E+00   0.000E+00   0.000E+00
  -0.485E+01   0.995E-17   0.248E-18   0.732E-17   0.732E-17   0.732E-17
  -0.475E+01   0.564E-12   0.137E-13   0.415E-12   0.415E-12   0.415E-12
  -0.465E+01   0.419E-08   0.996E-10   0.308E-08   0.308E-08   0.308E-08
  -0.455E+01   0.499E-05   0.112E-06   0.367E-05   0.367E-05   0.367E-05
  -0.445E+01   0.104E-02   0.209E-04   0.763E-03   0.763E-03   0.763E-03
  -0.435E+01   0.431E-01   0.719E-03   0.316E-01   0.316E-01   0.316E-01
  -0.425E+01   0.420E+00   0.520E-02   0.308E+00   0.308E+00   0.308E+00
  -0.415E+01   0.114E+01   0.892E-02   0.832E+00   0.832E+00   0.832E+00
  -0.405E+01   0.995E+00   0.386E-02   0.724E+00   0.724E+00   0.724E+00
  -0.396E+01   0.309E+00   0.402E-03   0.223E+00   0.223E+00   0.223E+00
  -0.386E+01   0.336E-01   0.922E-05   0.242E-01   0.242E-01   0.242E-01
  -0.376E+01   0.357E-02   0.687E-04   0.354E-02   0.354E-02   0.354E-02
  -0.366E+01   0.724E-01   0.183E-02   0.797E-01   0.797E-01   0.797E-01
  -0.356E+01   0.453E+00   0.995E-02   0.500E+00   0.500E+00   0.500E+00
  -0.346E+01   0.883E+00   0.144E-01   0.978E+00   0.978E+00   0.978E+00
  -0.336E+01   0.829E+00   0.994E-02   0.932E+00   0.932E+00   0.932E+00
  -0.326E+01   0.634E+00   0.676E-02   0.761E+00   0.761E+00   0.761E+00
  -0.316E+01   0.618E+00   0.768E-02   0.813E+00   0.813E+00   0.813E+00
  -0.307E+01   0.293E+00   0.480E-02   0.517E+00   0.517E+00   0.517E+00
  -0.297E+01   0.787E-01   0.125E-01   0.607E+00   0.607E+00   0.607E+00
  -0.287E+01   0.571E-01   0.298E-01   0.982E+00   0.982E+00   0.982E+00
  -0.277E+01   0.447E-01   0.485E-01   0.889E+00   0.889E+00   0.889E+00
  -0.267E+01   0.227E-01   0.542E-01   0.816E+00   0.816E+00   0.816E+00
  -0.257E+01   0.436E-01   0.467E-01   0.113E+01   0.113E+01   0.113E+01
  -0.247E+01   0.948E-01   0.591E-01   0.185E+01   0.185E+01   0.185E+01
  -0.237E+01   0.529E-01   0.356E-01   0.204E+01   0.204E+01   0.204E+01
  -0.227E+01   0.332E-01   0.298E-01   0.285E+01   0.285E+01   0.285E+01
  -0.218E+01   0.121E+00   0.395E-01   0.314E+01   0.314E+01   0.314E+01
  -0.208E+01   0.234E+00   0.293E-01   0.296E+01   0.296E+01   0.296E+01
  -0.198E+01   0.153E+00   0.184E-01   0.337E+01   0.337E+01   0.337E+01
  -0.188E+01   0.344E-01   0.712E-02   0.192E+01   0.192E+01   0.192E+01
  -0.178E+01   0.260E-02   0.847E-03   0.705E+00   0.705E+00   0.705E+00
  -0.168E+01   0.294E-02   0.313E-03   0.460E+00   0.460E+00   0.460E+00
  -0.158E+01   0.285E-01   0.108E-02   0.357E+00   0.357E+00   0.357E+00
  -0.148E+01   0.840E-01   0.186E-02   0.541E+00   0.541E+00   0.541E+00
  -0.139E+01   0.885E-01   0.113E-02   0.412E+00   0.412E+00   0.412E+00
  -0.129E+01   0.241E-01   0.240E-03   0.100E+00   0.100E+00   0.100E+00
  -0.119E+01   0.130E-02   0.120E-04   0.164E-01   0.164E-01   0.164E-01
  -0.109E+01   0.139E-02   0.105E-06   0.764E-01   0.764E-01   0.764E-01
  -0.990E+00   0.128E-01   0.145E-09   0.168E+00   0.168E+00   0.168E+00
  -0.891E+00   0.220E-01   0.574E-13   0.176E+00   0.176E+00   0.176E+00
  -0.793E+00   0.713E-02   0.853E-14   0.527E-01   0.527E-01   0.527E-01
  -0.694E+00   0.415E-03   0.494E-15   0.310E-02   0.310E-02   0.310E-02
  -0.595E+00   0.401E-05   0.479E-17   0.267E-02   0.267E-02   0.267E-02
  -0.496E+00   0.605E-08   0.910E-19   0.191E-01   0.191E-01   0.191E-01
  -0.397E+00   0.137E-11   0.113E-18   0.257E-01   0.257E-01   0.257E-01
  -0.298E+00   0.107E-15   0.285E-19   0.651E-02   0.651E-02   0.651E-02
  -0.199E+00   0.264E-17   0.128E-20   0.293E-03   0.293E-03   0.293E-03
  -0.101E+00   0.195E-19   0.946E-23   0.216E-05   0.216E-05   0.216E-05
  -0.185E-02   0.223E-22   0.108E-25   0.247E-08   0.247E-08   0.247E-08
   0.972E-01   0.384E-26   0.186E-29   0.425E-12   0.425E-12   0.425E-12
   0.196E+00   0.109E-30   0.529E-34   0.121E-16   0.121E-16   0.121E-16
   0.295E+00   0.000E+00   0.000E+00   0.000E+00   0.000E+00   0.000E+00
   0.394E+00   0.000E+00   0.000E+00   0.000E+00   0.000E+00   0.000E+00
   0.493E+00   0.000E+00   0.000E+00   0.000E+00   0.000E+00   0.000E+00
   0.591E+00   0.000E+00   0.000E+00   0.000E+00   0.000E+00   0.000E+00
   0.690E+00   0.000E+00   0.000E+00   0.000E+00   0.000E+00   0.000E+00
   0.789E+00   0.561E-12   0.165E-25   0.154E-25   0.154E-25   0.154E-25
   0.888E+00   0.483E-08   0.142E-21   0.133E-21   0.133E-21   0.133E-21
   0.987E+00   0.622E-05   0.286E-17   0.174E-15   0.174E-15   0.174E-15
   0.109E+01   0.123E-02   0.616E-13   0.400E-11   0.400E-11   0.400E-11
   0.119E+01   0.394E-01   0.209E-09   0.136E-07   0.136E-07   0.136E-07
   0.128E+01   0.221E+00   0.108E-06   0.699E-05   0.699E-05   0.699E-05
   0.138E+01   0.265E+00   0.869E-05   0.564E-03   0.564E-03   0.564E-03
   0.148E+01   0.505E+00   0.118E-03   0.765E-02   0.765E-02   0.765E-02
   0.158E+01   0.114E+01   0.292E-03   0.192E-01   0.192E-01   0.192E-01
   0.168E+01   0.875E+00   0.215E-03   0.184E-01   0.184E-01   0.184E-01
   0.178E+01   0.157E+01   0.366E-03   0.429E-01   0.429E-01   0.429E-01
   0.188E+01   0.139E+01   0.312E-03   0.391E-01   0.391E-01   0.391E-01
   0.198E+01   0.105E+01   0.159E-03   0.348E-01   0.348E-01   0.348E-01
   0.207E+01   0.109E+01   0.142E-03   0.376E-01   0.376E-01   0.376E-01
   0.217E+01   0.424E+00   0.331E-04   0.154E-01   0.154E-01   0.154E-01
   0.227E+01   0.309E+00   0.138E-05   0.120E-01   0.120E-01   0.120E-01
   0.237E+01   0.973E-01   0.941E-08   0.381E-02   0.381E-02   0.381E-02
   0.247E+01   0.568E-02   0.995E-11   0.222E-03   0.222E-03   0.222E-03
   0.257E+01   0.553E-04   0.158E-14   0.217E-05   0.217E-05   0.217E-05
   0.267E+01   0.743E-04   0.167E-13   0.103E-04   0.103E-04   0.103E-04
   0.277E+01   0.739E-02   0.123E-09   0.102E-02   0.102E-02   0.102E-02
   0.287E+01   0.124E+00   0.142E-06   0.171E-01   0.171E-01   0.171E-01
   0.296E+01   0.435E+00   0.254E-04   0.595E-01   0.595E-01   0.595E-01
   0.306E+01   0.873E+00   0.745E-03   0.115E+00   0.115E+00   0.115E+00
   0.316E+01   0.164E+01   0.432E-02   0.215E+00   0.215E+00   0.215E+00
   0.326E+01   0.213E+01   0.104E-01   0.282E+00   0.282E+00   0.282E+00
   0.336E+01   0.255E+01   0.192E-01   0.347E+00   0.347E+00   0.347E+00
   0.346E+01   0.217E+01   0.187E-01   0.295E+00   0.295E+00   0.295E+00
   0.356E+01   0.150E+01   0.817E-02   0.191E+00   0.191E+00   0.191E+00
   0.366E+01   0.434E+00   0.106E-02   0.522E-01   0.522E-01   0.522E-01
   0.376E+01   0.122E+00   0.411E-03   0.131E-01   0.131E-01   0.131E-01
   0.385E+01   0.421E+00   0.212E-02   0.449E-01   0.449E-01   0.449E-01
   0.395E+01   0.484E+00   0.689E-02   0.613E-01   0.613E-01   0.613E-01
   0.405E+01   0.355E+00   0.114E-01   0.593E-01   0.593E-01   0.593E-01
   0.415E+01   0.138E+00   0.470E-02   0.307E-01   0.307E-01   0.307E-01
   0.425E+01   0.125E+00   0.353E-02   0.435E-01   0.435E-01   0.435E-01
   0.435E+01   0.161E+00   0.808E-02   0.475E-01   0.475E-01   0.475E-01
   0.445E+01   0.221E+00   0.784E-02   0.603E-01   0.603E-01   0.603E-01
   0.455E+01   0.481E+00   0.420E-02   0.138E+00   0.138E+00   0.138E+00
   0.465E+01   0.876E+00   0.125E-01   0.283E+00   0.283E+00   0.283E+00
   0.474E+01   0.588E+00   0.292E-01   0.207E+00   0.207E+00   0.207E+00
   0.484E+01   0.560E+00   0.503E-01   0.151E+00   0.151E+00   0.151E+00
   0.494E+01   0.548E+00   0.691E-01   0.136E+00   0.136E+00   0.136E+00
   0.504E+01   0.205E+00   0.662E-01   0.544E-01   0.544E-01   0.544E-01
   0.514E+01   0.200E+00   0.434E-01   0.412E-01   0.412E-01   0.412E-01
   0.524E+01   0.168E+00   0.231E-01   0.416E-01   0.416E-01   0.416E-01
   0.534E+01   0.306E-01   0.314E-02   0.264E-01   0.264E-01   0.264E-01
   0.544E+01   0.105E-02   0.760E-04   0.757E-02   0.757E-02   0.757E-02
   0.553E+01   0.626E-05   0.299E-06   0.463E-03   0.463E-03   0.463E-03
   0.563E+01   0.610E-08   0.208E-09   0.479E-05   0.479E-05   0.479E-05
   0.573E+01   0.958E-12   0.642E-13   0.779E-08   0.779E-08   0.779E-08
   0.583E+01   0.285E-16   0.117E-16   0.191E-11   0.191E-11   0.191E-11
   0.593E+01   0.360E-21   0.403E-21   0.655E-16   0.655E-16   0.655E-16
   0.603E+01   0.000E+00   0.000E+00   0.000E+00   0.000E+00   0.000E+00
   0.613E+01   0.000E+00   0.000E+00   0.000E+00   0.000E+00   0.000E+00
   0.623E+01   0.000E+00   0.000E+00   0.000E+00   0.000E+00   0.000E+00
   0.633E+01   0.000E+00   0.000E+00   0.000E+00   0.000E+00   0.000E+00
   0.642E+01   0.000E+00   0.000E+00   0.000E+00   0.000E+00   0.000E+00
   0.652E+01   0.000E+00   0.000E+00   0.000E+00   0.000E+00   0.000E+00
   0.662E+01   0.000E+00   0.000E+00   0.000E+00   0.000E+00   0.000E+00
