  -0.230E+02   0.000E+00   0.000E+00   0.000E+00   0.000E+00   0.000E+00
  -0.229E+02   0.000E+00   0.000E+00   0.000E+00   0.000E+00   0.000E+00
  -0.228E+02   0.000E+00   0.000E+00   0.000E+00   0.000E+00   0.000E+00
  -0.227E+02   0.000E+00   0.000E+00   0.000E+00   0.000E+00   0.000E+00
  -0.226E+02   0.000E+00   0.000E+00   0.000E+00   0.000E+00   0.000E+00
  -0.225E+02   0.000E+00   0.000E+00   0.000E+00   0.000E+00   0.000E+00
  -0.224E+02   0.000E+00   0.000E+00   0.000E+00   0.000E+00   0.000E+00
  -0.223E+02   0.000E+00   0.000E+00   0.000E+00   0.000E+00   0.000E+00
  -0.222E+02   0.111E-19   0.270E-13   0.149E-18   0.149E-18   0.149E-18
  -0.221E+02   0.313E-15   0.763E-09   0.422E-14   0.422E-14   0.422E-14
  -0.220E+02   0.129E-11   0.318E-05   0.175E-10   0.175E-10   0.175E-10
  -0.219E+02   0.804E-09   0.199E-02   0.109E-07   0.109E-07   0.109E-07
  -0.218E+02   0.782E-07   0.195E+00   0.106E-05   0.106E-05   0.106E-05
  -0.218E+02   0.126E-05   0.319E+01   0.172E-04   0.172E-04   0.172E-04
  -0.217E+02   0.368E-05   0.936E+01   0.503E-04   0.503E-04   0.503E-04
  -0.216E+02   0.203E-05   0.520E+01   0.278E-04   0.278E-04   0.278E-04
  -0.215E+02   0.205E-06   0.530E+00   0.282E-05   0.282E-05   0.282E-05
  -0.214E+02   0.354E-08   0.921E-02   0.487E-07   0.487E-07   0.487E-07
  -0.213E+02   0.966E-11   0.254E-04   0.134E-09   0.134E-09   0.134E-09
  -0.212E+02   0.401E-14   0.106E-07   0.556E-13   0.556E-13   0.556E-13
  -0.211E+02   0.247E-18   0.661E-12   0.344E-17   0.344E-17   0.344E-17
  -0.210E+02   0.000E+00   0.000E+00   0.000E+00   0.000E+00   0.000E+00
  -0.209E+02   0.000E+00   0.000E+00   0.000E+00   0.000E+00   0.000E+00
  -0.208E+02   0.000E+00   0.000E+00   0.000E+00   0.000E+00   0.000E+00
  -0.207E+02   0.000E+00   0.000E+00   0.000E+00   0.000E+00   0.000E+00
  -0.206E+02   0.000E+00   0.000E+00   0.000E+00   0.000E+00   0.000E+00
  -0.205E+02   0.000E+00   0.000E+00   0.000E+00   0.000E+00   0.000E+00
  -0.204E+02   0.000E+00   0.000E+00   0.000E+00   0.000E+00   0.000E+00
  -0.203E+02   0.000E+00   0.000E+00   0.000E+00   0.000E+00   0.000E+00
  -0.202E+02   0.000E+00   0.000E+00   0.000E+00   0.000E+00   0.000E+00
  -0.201E+02   0.000E+00   0.000E+00   0.000E+00   0.000E+00   0.000E+00
  -0.200E+02   0.000E+00   0.000E+00   0.000E+00   0.000E+00   0.000E+00
  -0.199E+02   0.000E+00   0.000E+00   0.000E+00   0.000E+00   0.000E+00
  -0.198E+02   0.000E+00   0.000E+00   0.000E+00   0.000E+00   0.000E+00
  -0.197E+02   0.000E+00   0.000E+00   0.000E+00   0.000E+00   0.000E+00
  -0.196E+02   0.000E+00   0.000E+00   0.000E+00   0.000E+00   0.000E+00
  -0.195E+02   0.000E+00   0.000E+00   0.000E+00   0.000E+00   0.000E+00
  -0.194E+02   0.000E+00   0.000E+00   0.000E+00   0.000E+00   0.000E+00
  -0.193E+02   0.000E+00   0.000E+00   0.000E+00   0.000E+00   0.000E+00
  -0.192E+02   0.000E+00   0.000E+00   0.000E+00   0.000E+00   0.000E+00
  -0.191E+02   0.000E+00   0.000E+00   0.000E+00   0.000E+00   0.000E+00
  -0.190E+02   0.000E+00   0.000E+00   0.000E+00   0.000E+00   0.000E+00
  -0.189E+02   0.000E+00   0.000E+00   0.000E+00   0.000E+00   0.000E+00
  -0.188E+02   0.000E+00   0.000E+00   0.000E+00   0.000E+00   0.000E+00
  -0.187E+02   0.000E+00   0.000E+00   0.000E+00   0.000E+00   0.000E+00
  -0.186E+02   0.000E+00   0.000E+00   0.000E+00   0.000E+00   0.000E+00
  -0.185E+02   0.000E+00   0.000E+00   0.000E+00   0.000E+00   0.000E+00
  -0.184E+02   0.000E+00   0.000E+00   0.000E+00   0.000E+00   0.000E+00
  -0.183E+02   0.000E+00   0.000E+00   0.000E+00   0.000E+00   0.000E+00
  -0.182E+02   0.000E+00   0.000E+00   0.000E+00   0.000E+00   0.000E+00
  -0.181E+02   0.000E+00   0.000E+00   0.000E+00   0.000E+00   0.000E+00
  -0.180E+02   0.000E+00   0.000E+00   0.000E+00   0.000E+00   0.000E+00
  -0.179E+02   0.000E+00   0.000E+00   0.000E+00   0.000E+00   0.000E+00
  -0.178E+02   0.000E+00   0.000E+00   0.000E+00   0.000E+00   0.000E+00
  -0.177E+02   0.000E+00   0.000E+00   0.000E+00   0.000E+00   0.000E+00
  -0.176E+02   0.000E+00   0.000E+00   0.000E+00   0.000E+00   0.000E+00
  -0.175E+02   0.000E+00   0.000E+00   0.000E+00   0.000E+00   0.000E+00
  -0.174E+02   0.000E+00   0.000E+00   0.000E+00   0.000E+00   0.000E+00
  -0.173E+02   0.000E+00   0.000E+00   0.000E+00   0.000E+00   0.000E+00
  -0.172E+02   0.000E+00   0.000E+00   0.000E+00   0.000E+00   0.000E+00
  -0.171E+02   0.000E+00   0.000E+00   0.000E+00   0.000E+00   0.000E+00
  -0.170E+02   0.000E+00   0.000E+00   0.000E+00   0.000E+00   0.000E+00
  -0.169E+02   0.000E+00   0.000E+00   0.000E+00   0.000E+00   0.000E+00
  -0.168E+02   0.000E+00   0.000E+00   0.000E+00   0.000E+00   0.000E+00
  -0.167E+02   0.000E+00   0.000E+00   0.000E+00   0.000E+00   0.000E+00
  -0.166E+02   0.000E+00   0.000E+00   0.000E+00   0.000E+00   0.000E+00
  -0.165E+02   0.000E+00   0.000E+00   0.000E+00   0.000E+00   0.000E+00
  -0.164E+02   0.000E+00   0.000E+00   0.000E+00   0.000E+00   0.000E+00
  -0.163E+02   0.000E+00   0.000E+00   0.000E+00   0.000E+00   0.000E+00
  -0.162E+02   0.000E+00   0.000E+00   0.000E+00   0.000E+00   0.000E+00
  -0.161E+02   0.000E+00   0.000E+00   0.000E+00   0.000E+00   0.000E+00
  -0.160E+02   0.000E+00   0.000E+00   0.000E+00   0.000E+00   0.000E+00
  -0.159E+02   0.000E+00   0.000E+00   0.000E+00   0.000E+00   0.000E+00
  -0.158E+02   0.000E+00   0.000E+00   0.000E+00   0.000E+00   0.000E+00
  -0.157E+02   0.000E+00   0.000E+00   0.000E+00   0.000E+00   0.000E+00
  -0.156E+02   0.000E+00   0.000E+00   0.000E+00   0.000E+00   0.000E+00
  -0.155E+02   0.000E+00   0.000E+00   0.000E+00   0.000E+00   0.000E+00
  -0.154E+02   0.000E+00   0.000E+00   0.000E+00   0.000E+00   0.000E+00
  -0.153E+02   0.192E-16   0.159E-18   0.903E-16   0.903E-16   0.903E-16
  -0.152E+02   0.566E-12   0.466E-14   0.267E-11   0.267E-11   0.267E-11
  -0.151E+02   0.256E-08   0.209E-10   0.122E-07   0.122E-07   0.122E-07
  -0.150E+02   0.187E-05   0.148E-07   0.903E-05   0.903E-05   0.903E-05
  -0.149E+02   0.250E-03   0.186E-05   0.126E-02   0.126E-02   0.126E-02
  -0.148E+02   0.756E-02   0.497E-04   0.409E-01   0.409E-01   0.409E-01
  -0.147E+02   0.640E-01   0.346E-03   0.387E+00   0.387E+00   0.387E+00
  -0.146E+02   0.183E+00   0.709E-03   0.130E+01   0.130E+01   0.130E+01
  -0.145E+02   0.206E+00   0.470E-03   0.215E+01   0.215E+01   0.215E+01
  -0.144E+02   0.103E+00   0.320E-03   0.360E+01   0.360E+01   0.360E+01
  -0.143E+02   0.262E-01   0.269E-03   0.494E+01   0.494E+01   0.494E+01
  -0.142E+02   0.443E-02   0.715E-04   0.293E+01   0.293E+01   0.293E+01
  -0.141E+02   0.512E-03   0.699E-05   0.544E+00   0.544E+00   0.544E+00
  -0.140E+02   0.171E-04   0.209E-06   0.250E-01   0.250E-01   0.250E-01
  -0.139E+02   0.102E-06   0.123E-08   0.238E-03   0.238E-03   0.238E-03
  -0.138E+02   0.959E-10   0.118E-11   0.409E-06   0.409E-06   0.409E-06
  -0.137E+02   0.137E-13   0.175E-15   0.114E-09   0.114E-09   0.114E-09
  -0.136E+02   0.216E-18   0.387E-20   0.483E-14   0.483E-14   0.483E-14
  -0.135E+02   0.000E+00   0.000E+00   0.000E+00   0.000E+00   0.000E+00
  -0.134E+02   0.000E+00   0.000E+00   0.000E+00   0.000E+00   0.000E+00
  -0.133E+02   0.000E+00   0.000E+00   0.000E+00   0.000E+00   0.000E+00
  -0.132E+02   0.000E+00   0.000E+00   0.000E+00   0.000E+00   0.000E+00
  -0.131E+02   0.000E+00   0.000E+00   0.000E+00   0.000E+00   0.000E+00
  -0.131E+02   0.000E+00   0.000E+00   0.000E+00   0.000E+00   0.000E+00
  -0.130E+02   0.000E+00   0.000E+00   0.000E+00   0.000E+00   0.000E+00
  -0.129E+02   0.000E+00   0.000E+00   0.000E+00   0.000E+00   0.000E+00
  -0.128E+02   0.000E+00   0.000E+00   0.000E+00   0.000E+00   0.000E+00
  -0.127E+02   0.000E+00   0.000E+00   0.000E+00   0.000E+00   0.000E+00
  -0.126E+02   0.000E+00   0.000E+00   0.000E+00   0.000E+00   0.000E+00
  -0.125E+02   0.000E+00   0.000E+00   0.000E+00   0.000E+00   0.000E+00
  -0.124E+02   0.000E+00   0.000E+00   0.000E+00   0.000E+00   0.000E+00
  -0.123E+02   0.000E+00   0.000E+00   0.000E+00   0.000E+00   0.000E+00
  -0.122E+02   0.000E+00   0.000E+00   0.000E+00   0.000E+00   0.000E+00
  -0.121E+02   0.000E+00   0.000E+00   0.000E+00   0.000E+00   0.000E+00
  -0.120E+02   0.000E+00   0.000E+00   0.000E+00   0.000E+00   0.000E+00
  -0.119E+02   0.000E+00   0.000E+00   0.000E+00   0.000E+00   0.000E+00
  -0.118E+02   0.000E+00   0.000E+00   0.000E+00   0.000E+00   0.000E+00
  -0.117E+02   0.000E+00   0.000E+00   0.000E+00   0.000E+00   0.000E+00
  -0.116E+02   0.000E+00   0.000E+00   0.000E+00   0.000E+00   0.000E+00
  -0.115E+02   0.000E+00   0.000E+00   0.000E+00   0.000E+00   0.000E+00
  -0.114E+02   0.000E+00   0.000E+00   0.000E+00   0.000E+00   0.000E+00
  -0.113E+02   0.000E+00   0.000E+00   0.000E+00   0.000E+00   0.000E+00
  -0.112E+02   0.000E+00   0.000E+00   0.000E+00   0.000E+00   0.000E+00
  -0.111E+02   0.000E+00   0.000E+00   0.000E+00   0.000E+00   0.000E+00
  -0.110E+02   0.000E+00   0.000E+00   0.000E+00   0.000E+00   0.000E+00
  -0.109E+02   0.000E+00   0.000E+00   0.000E+00   0.000E+00   0.000E+00
  -0.108E+02   0.000E+00   0.000E+00   0.000E+00   0.000E+00   0.000E+00
  -0.107E+02   0.000E+00   0.000E+00   0.000E+00   0.000E+00   0.000E+00
  -0.106E+02   0.000E+00   0.000E+00   0.000E+00   0.000E+00   0.000E+00
  -0.105E+02   0.000E+00   0.000E+00   0.000E+00   0.000E+00   0.000E+00
  -0.104E+02   0.000E+00   0.000E+00   0.000E+00   0.000E+00   0.000E+00
  -0.103E+02   0.000E+00   0.000E+00   0.000E+00   0.000E+00   0.000E+00
  -0.102E+02   0.000E+00   0.000E+00   0.000E+00   0.000E+00   0.000E+00
  -0.101E+02   0.000E+00   0.000E+00   0.000E+00   0.000E+00   0.000E+00
  -0.999E+01   0.000E+00   0.000E+00   0.000E+00   0.000E+00   0.000E+00
  -0.989E+01   0.000E+00   0.000E+00   0.000E+00   0.000E+00   0.000E+00
  -0.979E+01   0.000E+00   0.000E+00   0.000E+00   0.000E+00   0.000E+00
  -0.969E+01   0.000E+00   0.000E+00   0.000E+00   0.000E+00   0.000E+00
  -0.959E+01   0.125E-16   0.515E-32   0.101E-33   0.101E-33   0.101E-33
  -0.949E+01   0.375E-12   0.155E-27   0.303E-29   0.303E-29   0.303E-29
  -0.939E+01   0.295E-08   0.122E-23   0.238E-25   0.238E-25   0.238E-25
  -0.929E+01   0.347E-05   0.143E-20   0.588E-15   0.588E-15   0.588E-15
  -0.920E+01   0.630E-03   0.260E-18   0.842E-11   0.842E-11   0.842E-11
  -0.910E+01   0.185E-01   0.765E-17   0.179E-07   0.179E-07   0.179E-07
  -0.900E+01   0.966E-01   0.401E-16   0.581E-05   0.581E-05   0.581E-05
  -0.890E+01   0.139E+00   0.554E-14   0.300E-03   0.300E-03   0.300E-03
  -0.880E+01   0.430E+00   0.130E-10   0.265E-02   0.265E-02   0.265E-02
  -0.870E+01   0.703E+00   0.475E-08   0.468E-02   0.468E-02   0.468E-02
  -0.860E+01   0.728E+00   0.277E-06   0.790E-02   0.790E-02   0.790E-02
  -0.850E+01   0.167E+01   0.278E-05   0.239E-01   0.239E-01   0.239E-01
  -0.840E+01   0.124E+01   0.543E-05   0.230E-01   0.230E-01   0.230E-01
  -0.831E+01   0.152E+01   0.367E-05   0.276E-01   0.276E-01   0.276E-01
  -0.821E+01   0.223E+01   0.216E-05   0.389E-01   0.389E-01   0.389E-01
  -0.811E+01   0.993E+00   0.117E-05   0.184E-01   0.184E-01   0.184E-01
  -0.801E+01   0.138E+01   0.411E-05   0.298E-01   0.298E-01   0.298E-01
  -0.791E+01   0.156E+01   0.415E-05   0.342E-01   0.342E-01   0.342E-01
  -0.781E+01   0.455E+00   0.103E-05   0.103E-01   0.103E-01   0.103E-01
  -0.771E+01   0.512E+00   0.200E-05   0.132E-01   0.132E-01   0.132E-01
  -0.761E+01   0.717E+00   0.288E-05   0.186E-01   0.186E-01   0.186E-01
  -0.751E+01   0.199E+00   0.799E-06   0.517E-02   0.517E-02   0.517E-02
  -0.742E+01   0.401E-01   0.128E-06   0.115E-02   0.115E-02   0.115E-02
  -0.732E+01   0.124E+00   0.361E-06   0.368E-02   0.368E-02   0.368E-02
  -0.722E+01   0.953E-01   0.278E-06   0.283E-02   0.283E-02   0.283E-02
  -0.712E+01   0.136E-01   0.397E-07   0.405E-03   0.405E-03   0.405E-03
  -0.702E+01   0.337E-03   0.982E-09   0.100E-04   0.100E-04   0.100E-04
  -0.692E+01   0.134E-05   0.390E-11   0.397E-07   0.397E-07   0.397E-07
  -0.682E+01   0.812E-09   0.237E-14   0.241E-10   0.241E-10   0.241E-10
  -0.672E+01   0.735E-13   0.214E-18   0.218E-14   0.218E-14   0.218E-14
  -0.662E+01   0.000E+00   0.000E+00   0.000E+00   0.000E+00   0.000E+00
  -0.653E+01   0.000E+00   0.000E+00   0.000E+00   0.000E+00   0.000E+00
  -0.643E+01   0.000E+00   0.000E+00   0.000E+00   0.000E+00   0.000E+00
  -0.633E+01   0.000E+00   0.000E+00   0.000E+00   0.000E+00   0.000E+00
  -0.623E+01   0.000E+00   0.000E+00   0.000E+00   0.000E+00   0.000E+00
  -0.613E+01   0.000E+00   0.000E+00   0.000E+00   0.000E+00   0.000E+00
  -0.603E+01   0.000E+00   0.000E+00   0.000E+00   0.000E+00   0.000E+00
  -0.593E+01   0.000E+00   0.000E+00   0.000E+00   0.000E+00   0.000E+00
  -0.583E+01   0.000E+00   0.000E+00   0.000E+00   0.000E+00   0.000E+00
  -0.574E+01   0.000E+00   0.000E+00   0.000E+00   0.000E+00   0.000E+00
  -0.564E+01   0.000E+00   0.000E+00   0.000E+00   0.000E+00   0.000E+00
  -0.554E+01   0.000E+00   0.000E+00   0.000E+00   0.000E+00   0.000E+00
  -0.544E+01   0.000E+00   0.000E+00   0.000E+00   0.000E+00   0.000E+00
  -0.534E+01   0.000E+00   0.000E+00   0.000E+00   0.000E+00   0.000E+00
  -0.524E+01   0.000E+00   0.000E+00   0.000E+00   0.000E+00   0.000E+00
  -0.514E+01   0.000E+00   0.000E+00   0.000E+00   0.000E+00   0.000E+00
  -0.504E+01   0.000E+00   0.000E+00   0.000E+00   0.000E+00   0.000E+00
  -0.494E+01   0.000E+00   0.000E+00   0.000E+00   0.000E+00   0.000E+00
  -0.485E+01   0.106E-33   0.114E-33   0.440E-34   0.440E-34   0.440E-34
  -0.475E+01   0.990E-28   0.388E-27   0.115E-27   0.115E-27   0.115E-27
  -0.465E+01   0.170E-23   0.644E-23   0.368E-23   0.368E-23   0.368E-23
  -0.455E+01   0.502E-20   0.169E-19   0.211E-19   0.211E-19   0.211E-19
  -0.445E+01   0.276E-17   0.761E-17   0.195E-16   0.195E-16   0.195E-16
  -0.435E+01   0.297E-15   0.653E-15   0.288E-14   0.288E-14   0.288E-14
  -0.425E+01   0.618E-14   0.116E-13   0.700E-13   0.700E-13   0.700E-13
  -0.415E+01   0.248E-13   0.436E-13   0.303E-12   0.303E-12   0.303E-12
  -0.405E+01   0.196E-13   0.359E-13   0.275E-12   0.275E-12   0.275E-12
  -0.396E+01   0.554E-14   0.660E-14   0.181E-09   0.181E-09   0.181E-09
  -0.386E+01   0.430E-10   0.513E-12   0.176E-06   0.176E-06   0.176E-06
  -0.376E+01   0.107E-06   0.126E-08   0.276E-04   0.276E-04   0.276E-04
  -0.366E+01   0.413E-04   0.472E-06   0.778E-03   0.778E-03   0.778E-03
  -0.356E+01   0.262E-02   0.280E-04   0.489E-02   0.489E-02   0.489E-02
  -0.346E+01   0.305E-01   0.286E-03   0.104E-01   0.104E-01   0.104E-01
  -0.336E+01   0.824E-01   0.703E-03   0.118E-01   0.118E-01   0.118E-01
  -0.326E+01   0.131E+00   0.168E-02   0.118E-01   0.118E-01   0.118E-01
  -0.316E+01   0.181E+00   0.311E-02   0.139E-01   0.139E-01   0.139E-01
  -0.307E+01   0.109E+00   0.397E-02   0.796E-02   0.796E-02   0.796E-02
  -0.297E+01   0.283E-01   0.808E-02   0.367E-02   0.367E-02   0.367E-02
  -0.287E+01   0.197E-02   0.125E-01   0.442E-02   0.442E-02   0.442E-02
  -0.277E+01   0.531E-04   0.601E-02   0.340E-02   0.340E-02   0.340E-02
  -0.267E+01   0.145E-02   0.118E-02   0.139E-02   0.139E-02   0.139E-02
  -0.257E+01   0.128E-01   0.692E-03   0.125E-02   0.125E-02   0.125E-02
  -0.247E+01   0.209E-01   0.112E-02   0.360E-02   0.360E-02   0.360E-02
  -0.237E+01   0.672E-02   0.427E-03   0.239E-02   0.239E-02   0.239E-02
  -0.227E+01   0.101E-01   0.148E-03   0.596E-03   0.596E-03   0.596E-03
  -0.218E+01   0.966E-01   0.143E-02   0.183E-02   0.183E-02   0.183E-02
  -0.208E+01   0.227E+00   0.387E-02   0.457E-02   0.457E-02   0.457E-02
  -0.198E+01   0.134E+00   0.252E-02   0.425E-02   0.425E-02   0.425E-02
  -0.188E+01   0.205E-01   0.392E-03   0.139E-02   0.139E-02   0.139E-02
  -0.178E+01   0.169E-01   0.128E-04   0.226E-03   0.226E-03   0.226E-03
  -0.168E+01   0.735E-01   0.831E-07   0.457E-03   0.457E-03   0.457E-03
  -0.158E+01   0.220E+00   0.140E-09   0.149E-02   0.149E-02   0.149E-02
  -0.148E+01   0.440E+00   0.181E-12   0.341E-02   0.341E-02   0.341E-02
  -0.139E+01   0.367E+00   0.107E-12   0.322E-02   0.322E-02   0.322E-02
  -0.129E+01   0.926E-01   0.290E-13   0.850E-03   0.850E-03   0.850E-03
  -0.119E+01   0.169E-01   0.257E-14   0.723E-04   0.723E-04   0.723E-04
  -0.109E+01   0.837E-01   0.705E-14   0.214E-03   0.214E-03   0.214E-03
  -0.990E+00   0.194E+00   0.152E-13   0.676E-03   0.676E-03   0.676E-03
  -0.891E+00   0.213E+00   0.158E-13   0.888E-03   0.888E-03   0.888E-03
  -0.793E+00   0.643E-01   0.470E-14   0.277E-03   0.277E-03   0.277E-03
  -0.694E+00   0.381E-02   0.271E-15   0.161E-04   0.161E-04   0.161E-04
  -0.595E+00   0.397E-02   0.134E-16   0.155E-06   0.155E-06   0.155E-06
  -0.496E+00   0.285E-01   0.782E-16   0.234E-09   0.234E-09   0.234E-09
  -0.397E+00   0.383E-01   0.105E-15   0.531E-13   0.531E-13   0.531E-13
  -0.298E+00   0.969E-02   0.266E-16   0.196E-17   0.196E-17   0.196E-17
  -0.199E+00   0.435E-03   0.120E-17   0.362E-20   0.362E-20   0.362E-20
  -0.101E+00   0.322E-05   0.883E-20   0.267E-22   0.267E-22   0.267E-22
  -0.185E-02   0.368E-08   0.101E-22   0.306E-25   0.306E-25   0.306E-25
   0.972E-01   0.633E-12   0.174E-26   0.526E-29   0.526E-29   0.526E-29
   0.196E+00   0.180E-16   0.493E-31   0.149E-33   0.149E-33   0.149E-33
   0.295E+00   0.000E+00   0.000E+00   0.000E+00   0.000E+00   0.000E+00
   0.394E+00   0.000E+00   0.000E+00   0.000E+00   0.000E+00   0.000E+00
   0.493E+00   0.000E+00   0.000E+00   0.000E+00   0.000E+00   0.000E+00
   0.591E+00   0.000E+00   0.000E+00   0.000E+00   0.000E+00   0.000E+00
   0.690E+00   0.000E+00   0.000E+00   0.000E+00   0.000E+00   0.000E+00
   0.789E+00   0.443E-27   0.983E-26   0.156E-13   0.156E-13   0.156E-13
   0.888E+00   0.382E-23   0.847E-22   0.135E-09   0.135E-09   0.135E-09
   0.987E+00   0.491E-20   0.109E-18   0.173E-06   0.173E-06   0.173E-06
   0.109E+01   0.973E-18   0.216E-16   0.343E-04   0.343E-04   0.343E-04
   0.119E+01   0.334E-16   0.691E-15   0.110E-02   0.110E-02   0.110E-02
   0.128E+01   0.132E-14   0.405E-14   0.617E-02   0.617E-02   0.617E-02
   0.138E+01   0.927E-13   0.831E-13   0.730E-02   0.730E-02   0.730E-02
   0.148E+01   0.125E-11   0.594E-10   0.128E-01   0.128E-01   0.128E-01
   0.158E+01   0.308E-11   0.834E-08   0.288E-01   0.288E-01   0.288E-01
   0.168E+01   0.145E-11   0.193E-06   0.212E-01   0.212E-01   0.212E-01
   0.178E+01   0.213E-12   0.832E-06   0.362E-01   0.362E-01   0.362E-01
   0.188E+01   0.740E-13   0.235E-05   0.316E-01   0.316E-01   0.316E-01
   0.198E+01   0.187E-13   0.119E-04   0.222E-01   0.222E-01   0.222E-01
   0.207E+01   0.112E-13   0.157E-04   0.226E-01   0.226E-01   0.226E-01
   0.217E+01   0.722E-14   0.131E-04   0.849E-02   0.849E-02   0.849E-02
   0.227E+01   0.832E-14   0.167E-04   0.586E-02   0.586E-02   0.586E-02
   0.237E+01   0.246E-12   0.540E-05   0.184E-02   0.184E-02   0.184E-02
   0.247E+01   0.810E-09   0.322E-06   0.107E-03   0.107E-03   0.107E-03
   0.257E+01   0.413E-06   0.315E-05   0.213E-05   0.213E-05   0.213E-05
   0.267E+01   0.359E-04   0.249E-03   0.879E-04   0.879E-04   0.879E-04
   0.277E+01   0.796E-03   0.331E-02   0.133E-02   0.133E-02   0.133E-02
   0.287E+01   0.713E-02   0.798E-02   0.584E-02   0.584E-02   0.584E-02
   0.296E+01   0.190E-01   0.364E-02   0.117E-01   0.117E-01   0.117E-01
   0.306E+01   0.203E-01   0.324E-03   0.190E-01   0.190E-01   0.190E-01
   0.316E+01   0.551E-01   0.153E-02   0.364E-01   0.364E-01   0.364E-01
   0.326E+01   0.835E-01   0.194E-01   0.546E-01   0.546E-01   0.546E-01
   0.336E+01   0.102E+00   0.503E-01   0.760E-01   0.760E-01   0.760E-01
   0.346E+01   0.888E-01   0.403E-01   0.645E-01   0.645E-01   0.645E-01
   0.356E+01   0.335E-01   0.148E-01   0.363E-01   0.363E-01   0.363E-01
   0.366E+01   0.341E-02   0.161E-02   0.841E-02   0.841E-02   0.841E-02
   0.376E+01   0.917E-03   0.150E-02   0.160E-02   0.160E-02   0.160E-02
   0.385E+01   0.379E-02   0.902E-02   0.530E-02   0.530E-02   0.530E-02
   0.395E+01   0.409E-02   0.361E-01   0.970E-02   0.970E-02   0.970E-02
   0.405E+01   0.263E-02   0.637E-01   0.128E-01   0.128E-01   0.128E-01
   0.415E+01   0.130E-02   0.389E-01   0.660E-02   0.660E-02   0.660E-02
   0.425E+01   0.275E-02   0.663E-01   0.696E-02   0.696E-02   0.696E-02
   0.435E+01   0.347E-02   0.639E-01   0.849E-02   0.849E-02   0.849E-02
   0.445E+01   0.155E-02   0.200E-01   0.776E-02   0.776E-02   0.776E-02
   0.455E+01   0.441E-03   0.664E-01   0.756E-02   0.756E-02   0.756E-02
   0.465E+01   0.147E-02   0.207E+00   0.173E-01   0.173E-01   0.173E-01
   0.474E+01   0.289E-02   0.172E+00   0.186E-01   0.186E-01   0.186E-01
   0.484E+01   0.399E-02   0.429E-01   0.173E-01   0.173E-01   0.173E-01
   0.494E+01   0.629E-02   0.283E-02   0.290E-01   0.290E-01   0.290E-01
   0.504E+01   0.592E-02   0.765E-04   0.319E-01   0.319E-01   0.319E-01
   0.514E+01   0.216E-02   0.199E-02   0.189E-01   0.189E-01   0.189E-01
   0.524E+01   0.825E-03   0.198E-01   0.105E-01   0.105E-01   0.105E-01
   0.534E+01   0.149E-03   0.363E-01   0.172E-02   0.172E-02   0.172E-02
   0.544E+01   0.543E-05   0.126E-01   0.542E-04   0.542E-04   0.542E-04
   0.553E+01   0.379E-07   0.784E-03   0.302E-06   0.302E-06   0.302E-06
   0.563E+01   0.807E-10   0.814E-05   0.297E-09   0.297E-09   0.297E-09
   0.573E+01   0.820E-13   0.132E-07   0.757E-13   0.757E-13   0.757E-13
   0.583E+01   0.189E-16   0.324E-11   0.952E-17   0.952E-17   0.952E-17
   0.593E+01   0.647E-21   0.111E-15   0.301E-21   0.301E-21   0.301E-21
   0.603E+01   0.000E+00   0.000E+00   0.000E+00   0.000E+00   0.000E+00
   0.613E+01   0.000E+00   0.000E+00   0.000E+00   0.000E+00   0.000E+00
   0.623E+01   0.000E+00   0.000E+00   0.000E+00   0.000E+00   0.000E+00
   0.633E+01   0.000E+00   0.000E+00   0.000E+00   0.000E+00   0.000E+00
   0.642E+01   0.000E+00   0.000E+00   0.000E+00   0.000E+00   0.000E+00
   0.652E+01   0.000E+00   0.000E+00   0.000E+00   0.000E+00   0.000E+00
   0.662E+01   0.000E+00   0.000E+00   0.000E+00   0.000E+00   0.000E+00
