  -0.232E+02   0.000E+00   0.000E+00   0.000E+00   0.000E+00   0.000E+00
  -0.231E+02   0.000E+00   0.000E+00   0.000E+00   0.000E+00   0.000E+00
  -0.230E+02   0.000E+00   0.000E+00   0.000E+00   0.000E+00   0.000E+00
  -0.229E+02   0.000E+00   0.000E+00   0.000E+00   0.000E+00   0.000E+00
  -0.228E+02   0.000E+00   0.000E+00   0.000E+00   0.000E+00   0.000E+00
  -0.227E+02   0.000E+00   0.000E+00   0.000E+00   0.000E+00   0.000E+00
  -0.226E+02   0.000E+00   0.000E+00   0.000E+00   0.000E+00   0.000E+00
  -0.225E+02   0.000E+00   0.000E+00   0.000E+00   0.000E+00   0.000E+00
  -0.224E+02   0.328E-20   0.577E-13   0.655E-19   0.655E-19   0.655E-19
  -0.223E+02   0.735E-16   0.130E-08   0.147E-14   0.147E-14   0.147E-14
  -0.222E+02   0.254E-12   0.448E-05   0.507E-11   0.507E-11   0.507E-11
  -0.221E+02   0.137E-09   0.244E-02   0.275E-08   0.275E-08   0.275E-08
  -0.220E+02   0.121E-07   0.216E+00   0.243E-06   0.243E-06   0.243E-06
  -0.219E+02   0.185E-06   0.330E+01   0.371E-05   0.371E-05   0.371E-05
  -0.218E+02   0.525E-06   0.939E+01   0.105E-04   0.105E-04   0.105E-04
  -0.217E+02   0.291E-06   0.521E+01   0.584E-05   0.584E-05   0.584E-05
  -0.216E+02   0.305E-07   0.549E+00   0.614E-06   0.614E-06   0.614E-06
  -0.215E+02   0.565E-09   0.102E-01   0.114E-07   0.114E-07   0.114E-07
  -0.214E+02   0.173E-11   0.313E-04   0.349E-10   0.349E-10   0.349E-10
  -0.213E+02   0.838E-15   0.152E-07   0.169E-13   0.169E-13   0.169E-13
  -0.212E+02   0.628E-19   0.114E-11   0.127E-17   0.127E-17   0.127E-17
  -0.211E+02   0.000E+00   0.000E+00   0.000E+00   0.000E+00   0.000E+00
  -0.210E+02   0.000E+00   0.000E+00   0.000E+00   0.000E+00   0.000E+00
  -0.209E+02   0.000E+00   0.000E+00   0.000E+00   0.000E+00   0.000E+00
  -0.208E+02   0.000E+00   0.000E+00   0.000E+00   0.000E+00   0.000E+00
  -0.207E+02   0.000E+00   0.000E+00   0.000E+00   0.000E+00   0.000E+00
  -0.206E+02   0.000E+00   0.000E+00   0.000E+00   0.000E+00   0.000E+00
  -0.205E+02   0.000E+00   0.000E+00   0.000E+00   0.000E+00   0.000E+00
  -0.204E+02   0.000E+00   0.000E+00   0.000E+00   0.000E+00   0.000E+00
  -0.203E+02   0.000E+00   0.000E+00   0.000E+00   0.000E+00   0.000E+00
  -0.202E+02   0.000E+00   0.000E+00   0.000E+00   0.000E+00   0.000E+00
  -0.201E+02   0.000E+00   0.000E+00   0.000E+00   0.000E+00   0.000E+00
  -0.201E+02   0.000E+00   0.000E+00   0.000E+00   0.000E+00   0.000E+00
  -0.200E+02   0.000E+00   0.000E+00   0.000E+00   0.000E+00   0.000E+00
  -0.199E+02   0.000E+00   0.000E+00   0.000E+00   0.000E+00   0.000E+00
  -0.198E+02   0.000E+00   0.000E+00   0.000E+00   0.000E+00   0.000E+00
  -0.197E+02   0.000E+00   0.000E+00   0.000E+00   0.000E+00   0.000E+00
  -0.196E+02   0.000E+00   0.000E+00   0.000E+00   0.000E+00   0.000E+00
  -0.195E+02   0.000E+00   0.000E+00   0.000E+00   0.000E+00   0.000E+00
  -0.194E+02   0.000E+00   0.000E+00   0.000E+00   0.000E+00   0.000E+00
  -0.193E+02   0.000E+00   0.000E+00   0.000E+00   0.000E+00   0.000E+00
  -0.192E+02   0.000E+00   0.000E+00   0.000E+00   0.000E+00   0.000E+00
  -0.191E+02   0.000E+00   0.000E+00   0.000E+00   0.000E+00   0.000E+00
  -0.190E+02   0.000E+00   0.000E+00   0.000E+00   0.000E+00   0.000E+00
  -0.189E+02   0.000E+00   0.000E+00   0.000E+00   0.000E+00   0.000E+00
  -0.188E+02   0.000E+00   0.000E+00   0.000E+00   0.000E+00   0.000E+00
  -0.187E+02   0.000E+00   0.000E+00   0.000E+00   0.000E+00   0.000E+00
  -0.186E+02   0.000E+00   0.000E+00   0.000E+00   0.000E+00   0.000E+00
  -0.185E+02   0.000E+00   0.000E+00   0.000E+00   0.000E+00   0.000E+00
  -0.184E+02   0.000E+00   0.000E+00   0.000E+00   0.000E+00   0.000E+00
  -0.183E+02   0.000E+00   0.000E+00   0.000E+00   0.000E+00   0.000E+00
  -0.182E+02   0.000E+00   0.000E+00   0.000E+00   0.000E+00   0.000E+00
  -0.181E+02   0.000E+00   0.000E+00   0.000E+00   0.000E+00   0.000E+00
  -0.180E+02   0.000E+00   0.000E+00   0.000E+00   0.000E+00   0.000E+00
  -0.179E+02   0.000E+00   0.000E+00   0.000E+00   0.000E+00   0.000E+00
  -0.178E+02   0.000E+00   0.000E+00   0.000E+00   0.000E+00   0.000E+00
  -0.177E+02   0.000E+00   0.000E+00   0.000E+00   0.000E+00   0.000E+00
  -0.176E+02   0.000E+00   0.000E+00   0.000E+00   0.000E+00   0.000E+00
  -0.175E+02   0.000E+00   0.000E+00   0.000E+00   0.000E+00   0.000E+00
  -0.174E+02   0.000E+00   0.000E+00   0.000E+00   0.000E+00   0.000E+00
  -0.173E+02   0.000E+00   0.000E+00   0.000E+00   0.000E+00   0.000E+00
  -0.172E+02   0.000E+00   0.000E+00   0.000E+00   0.000E+00   0.000E+00
  -0.171E+02   0.000E+00   0.000E+00   0.000E+00   0.000E+00   0.000E+00
  -0.170E+02   0.000E+00   0.000E+00   0.000E+00   0.000E+00   0.000E+00
  -0.169E+02   0.000E+00   0.000E+00   0.000E+00   0.000E+00   0.000E+00
  -0.168E+02   0.000E+00   0.000E+00   0.000E+00   0.000E+00   0.000E+00
  -0.167E+02   0.000E+00   0.000E+00   0.000E+00   0.000E+00   0.000E+00
  -0.166E+02   0.000E+00   0.000E+00   0.000E+00   0.000E+00   0.000E+00
  -0.165E+02   0.000E+00   0.000E+00   0.000E+00   0.000E+00   0.000E+00
  -0.164E+02   0.000E+00   0.000E+00   0.000E+00   0.000E+00   0.000E+00
  -0.163E+02   0.000E+00   0.000E+00   0.000E+00   0.000E+00   0.000E+00
  -0.162E+02   0.000E+00   0.000E+00   0.000E+00   0.000E+00   0.000E+00
  -0.161E+02   0.000E+00   0.000E+00   0.000E+00   0.000E+00   0.000E+00
  -0.160E+02   0.000E+00   0.000E+00   0.000E+00   0.000E+00   0.000E+00
  -0.159E+02   0.000E+00   0.000E+00   0.000E+00   0.000E+00   0.000E+00
  -0.158E+02   0.000E+00   0.000E+00   0.000E+00   0.000E+00   0.000E+00
  -0.157E+02   0.000E+00   0.000E+00   0.000E+00   0.000E+00   0.000E+00
  -0.157E+02   0.000E+00   0.000E+00   0.000E+00   0.000E+00   0.000E+00
  -0.156E+02   0.000E+00   0.000E+00   0.000E+00   0.000E+00   0.000E+00
  -0.155E+02   0.000E+00   0.000E+00   0.000E+00   0.000E+00   0.000E+00
  -0.154E+02   0.000E+00   0.000E+00   0.000E+00   0.000E+00   0.000E+00
  -0.153E+02   0.000E+00   0.000E+00   0.000E+00   0.000E+00   0.000E+00
  -0.152E+02   0.000E+00   0.000E+00   0.000E+00   0.000E+00   0.000E+00
  -0.151E+02   0.000E+00   0.000E+00   0.000E+00   0.000E+00   0.000E+00
  -0.150E+02   0.000E+00   0.000E+00   0.000E+00   0.000E+00   0.000E+00
  -0.149E+02   0.000E+00   0.000E+00   0.000E+00   0.000E+00   0.000E+00
  -0.148E+02   0.000E+00   0.000E+00   0.000E+00   0.000E+00   0.000E+00
  -0.147E+02   0.000E+00   0.000E+00   0.000E+00   0.000E+00   0.000E+00
  -0.146E+02   0.000E+00   0.000E+00   0.000E+00   0.000E+00   0.000E+00
  -0.145E+02   0.000E+00   0.000E+00   0.000E+00   0.000E+00   0.000E+00
  -0.144E+02   0.000E+00   0.000E+00   0.000E+00   0.000E+00   0.000E+00
  -0.143E+02   0.000E+00   0.000E+00   0.000E+00   0.000E+00   0.000E+00
  -0.142E+02   0.000E+00   0.000E+00   0.000E+00   0.000E+00   0.000E+00
  -0.141E+02   0.000E+00   0.000E+00   0.000E+00   0.000E+00   0.000E+00
  -0.140E+02   0.000E+00   0.000E+00   0.000E+00   0.000E+00   0.000E+00
  -0.139E+02   0.000E+00   0.000E+00   0.000E+00   0.000E+00   0.000E+00
  -0.138E+02   0.000E+00   0.000E+00   0.000E+00   0.000E+00   0.000E+00
  -0.137E+02   0.000E+00   0.000E+00   0.000E+00   0.000E+00   0.000E+00
  -0.136E+02   0.000E+00   0.000E+00   0.000E+00   0.000E+00   0.000E+00
  -0.135E+02   0.000E+00   0.000E+00   0.000E+00   0.000E+00   0.000E+00
  -0.134E+02   0.000E+00   0.000E+00   0.000E+00   0.000E+00   0.000E+00
  -0.133E+02   0.000E+00   0.000E+00   0.000E+00   0.000E+00   0.000E+00
  -0.132E+02   0.000E+00   0.000E+00   0.000E+00   0.000E+00   0.000E+00
  -0.131E+02   0.163E-17   0.409E-20   0.377E-17   0.377E-17   0.377E-17
  -0.130E+02   0.537E-13   0.135E-15   0.124E-12   0.124E-12   0.124E-12
  -0.129E+02   0.384E-09   0.961E-12   0.888E-09   0.888E-09   0.888E-09
  -0.128E+02   0.434E-06   0.108E-08   0.101E-05   0.101E-05   0.101E-05
  -0.127E+02   0.841E-04   0.204E-06   0.198E-03   0.198E-03   0.198E-03
  -0.126E+02   0.337E-02   0.758E-05   0.817E-02   0.817E-02   0.817E-02
  -0.125E+02   0.382E-01   0.739E-04   0.986E-01   0.986E-01   0.986E-01
  -0.124E+02   0.164E+00   0.251E-03   0.463E+00   0.463E+00   0.463E+00
  -0.123E+02   0.321E+00   0.339E-03   0.102E+01   0.102E+01   0.102E+01
  -0.122E+02   0.339E+00   0.178E-03   0.128E+01   0.128E+01   0.128E+01
  -0.121E+02   0.211E+00   0.569E-04   0.125E+01   0.125E+01   0.125E+01
  -0.120E+02   0.857E-01   0.149E-03   0.241E+01   0.241E+01   0.241E+01
  -0.119E+02   0.231E-01   0.171E-03   0.396E+01   0.396E+01   0.396E+01
  -0.118E+02   0.560E-02   0.575E-04   0.320E+01   0.320E+01   0.320E+01
  -0.117E+02   0.141E-02   0.966E-05   0.975E+00   0.975E+00   0.975E+00
  -0.116E+02   0.916E-04   0.560E-06   0.871E-01   0.871E-01   0.871E-01
  -0.115E+02   0.107E-05   0.660E-08   0.188E-02   0.188E-02   0.188E-02
  -0.114E+02   0.208E-08   0.134E-10   0.797E-05   0.797E-05   0.797E-05
  -0.113E+02   0.650E-12   0.438E-14   0.582E-08   0.582E-08   0.582E-08
  -0.112E+02   0.316E-16   0.223E-18   0.679E-12   0.679E-12   0.679E-12
  -0.112E+02   0.000E+00   0.000E+00   0.000E+00   0.000E+00   0.000E+00
  -0.111E+02   0.000E+00   0.000E+00   0.000E+00   0.000E+00   0.000E+00
  -0.110E+02   0.000E+00   0.000E+00   0.000E+00   0.000E+00   0.000E+00
  -0.109E+02   0.000E+00   0.000E+00   0.000E+00   0.000E+00   0.000E+00
  -0.108E+02   0.000E+00   0.000E+00   0.000E+00   0.000E+00   0.000E+00
  -0.107E+02   0.000E+00   0.000E+00   0.000E+00   0.000E+00   0.000E+00
  -0.106E+02   0.000E+00   0.000E+00   0.000E+00   0.000E+00   0.000E+00
  -0.105E+02   0.000E+00   0.000E+00   0.000E+00   0.000E+00   0.000E+00
  -0.104E+02   0.000E+00   0.000E+00   0.000E+00   0.000E+00   0.000E+00
  -0.103E+02   0.000E+00   0.000E+00   0.000E+00   0.000E+00   0.000E+00
  -0.102E+02   0.000E+00   0.000E+00   0.000E+00   0.000E+00   0.000E+00
  -0.101E+02   0.000E+00   0.000E+00   0.000E+00   0.000E+00   0.000E+00
  -0.998E+01   0.000E+00   0.000E+00   0.000E+00   0.000E+00   0.000E+00
  -0.988E+01   0.000E+00   0.000E+00   0.000E+00   0.000E+00   0.000E+00
  -0.978E+01   0.000E+00   0.000E+00   0.000E+00   0.000E+00   0.000E+00
  -0.968E+01   0.000E+00   0.000E+00   0.000E+00   0.000E+00   0.000E+00
  -0.959E+01   0.000E+00   0.000E+00   0.000E+00   0.000E+00   0.000E+00
  -0.949E+01   0.000E+00   0.000E+00   0.000E+00   0.000E+00   0.000E+00
  -0.939E+01   0.154E-13   0.192E-31   0.264E-27   0.264E-27   0.264E-27
  -0.929E+01   0.202E-09   0.252E-27   0.347E-23   0.347E-23   0.347E-23
  -0.920E+01   0.411E-06   0.409E-21   0.108E-16   0.108E-16   0.108E-16
  -0.910E+01   0.132E-03   0.137E-16   0.347E-12   0.347E-12   0.347E-12
  -0.900E+01   0.704E-02   0.740E-13   0.171E-08   0.171E-08   0.171E-08
  -0.890E+01   0.662E-01   0.628E-10   0.133E-05   0.133E-05   0.133E-05
  -0.880E+01   0.126E+00   0.861E-08   0.166E-03   0.166E-03   0.166E-03
  -0.871E+01   0.220E+00   0.202E-06   0.358E-02   0.358E-02   0.358E-02
  -0.861E+01   0.691E+00   0.867E-06   0.143E-01   0.143E-01   0.143E-01
  -0.851E+01   0.646E+00   0.726E-06   0.144E-01   0.144E-01   0.144E-01
  -0.841E+01   0.114E+01   0.122E-06   0.278E-01   0.278E-01   0.278E-01
  -0.831E+01   0.169E+01   0.355E-06   0.423E-01   0.423E-01   0.423E-01
  -0.822E+01   0.122E+01   0.410E-05   0.356E-01   0.356E-01   0.356E-01
  -0.812E+01   0.219E+01   0.906E-05   0.717E-01   0.717E-01   0.717E-01
  -0.802E+01   0.162E+01   0.608E-05   0.549E-01   0.549E-01   0.549E-01
  -0.792E+01   0.130E+01   0.163E-04   0.494E-01   0.494E-01   0.494E-01
  -0.783E+01   0.169E+01   0.221E-04   0.664E-01   0.664E-01   0.664E-01
  -0.773E+01   0.688E+00   0.938E-05   0.279E-01   0.279E-01   0.279E-01
  -0.763E+01   0.659E+00   0.174E-04   0.289E-01   0.289E-01   0.289E-01
  -0.753E+01   0.588E+00   0.163E-04   0.259E-01   0.259E-01   0.259E-01
  -0.743E+01   0.136E+00   0.423E-05   0.606E-02   0.606E-02   0.606E-02
  -0.734E+01   0.120E+00   0.527E-05   0.567E-02   0.567E-02   0.567E-02
  -0.724E+01   0.923E-01   0.410E-05   0.438E-02   0.438E-02   0.438E-02
  -0.714E+01   0.141E-01   0.625E-06   0.668E-03   0.668E-03   0.668E-03
  -0.704E+01   0.384E-03   0.171E-07   0.183E-04   0.183E-04   0.183E-04
  -0.695E+01   0.176E-05   0.782E-10   0.834E-07   0.834E-07   0.834E-07
  -0.685E+01   0.128E-08   0.570E-13   0.608E-10   0.608E-10   0.608E-10
  -0.675E+01   0.145E-12   0.645E-17   0.689E-14   0.689E-14   0.689E-14
  -0.665E+01   0.000E+00   0.000E+00   0.000E+00   0.000E+00   0.000E+00
  -0.655E+01   0.000E+00   0.000E+00   0.000E+00   0.000E+00   0.000E+00
  -0.646E+01   0.000E+00   0.000E+00   0.000E+00   0.000E+00   0.000E+00
  -0.636E+01   0.000E+00   0.000E+00   0.000E+00   0.000E+00   0.000E+00
  -0.626E+01   0.000E+00   0.000E+00   0.000E+00   0.000E+00   0.000E+00
  -0.616E+01   0.000E+00   0.000E+00   0.000E+00   0.000E+00   0.000E+00
  -0.607E+01   0.000E+00   0.000E+00   0.000E+00   0.000E+00   0.000E+00
  -0.597E+01   0.000E+00   0.000E+00   0.000E+00   0.000E+00   0.000E+00
  -0.587E+01   0.000E+00   0.000E+00   0.000E+00   0.000E+00   0.000E+00
  -0.577E+01   0.000E+00   0.000E+00   0.000E+00   0.000E+00   0.000E+00
  -0.567E+01   0.000E+00   0.000E+00   0.000E+00   0.000E+00   0.000E+00
  -0.558E+01   0.000E+00   0.000E+00   0.000E+00   0.000E+00   0.000E+00
  -0.548E+01   0.000E+00   0.000E+00   0.000E+00   0.000E+00   0.000E+00
  -0.538E+01   0.000E+00   0.000E+00   0.000E+00   0.000E+00   0.000E+00
  -0.528E+01   0.000E+00   0.000E+00   0.000E+00   0.000E+00   0.000E+00
  -0.519E+01   0.000E+00   0.000E+00   0.000E+00   0.000E+00   0.000E+00
  -0.509E+01   0.000E+00   0.000E+00   0.000E+00   0.000E+00   0.000E+00
  -0.499E+01   0.000E+00   0.000E+00   0.000E+00   0.000E+00   0.000E+00
  -0.489E+01   0.000E+00   0.000E+00   0.000E+00   0.000E+00   0.000E+00
  -0.479E+01   0.000E+00   0.000E+00   0.000E+00   0.000E+00   0.000E+00
  -0.470E+01   0.000E+00   0.000E+00   0.000E+00   0.000E+00   0.000E+00
  -0.460E+01   0.000E+00   0.000E+00   0.000E+00   0.000E+00   0.000E+00
  -0.450E+01   0.000E+00   0.000E+00   0.000E+00   0.000E+00   0.000E+00
  -0.440E+01   0.000E+00   0.000E+00   0.000E+00   0.000E+00   0.000E+00
  -0.430E+01   0.418E-29   0.836E-30   0.116E-28   0.116E-28   0.116E-28
  -0.421E+01   0.159E-24   0.507E-24   0.838E-24   0.838E-24   0.838E-24
  -0.411E+01   0.130E-20   0.515E-20   0.765E-20   0.765E-20   0.765E-20
  -0.401E+01   0.200E-17   0.822E-17   0.120E-16   0.120E-16   0.120E-16
  -0.391E+01   0.506E-15   0.209E-14   0.302E-14   0.302E-14   0.302E-14
  -0.382E+01   0.213E-13   0.883E-13   0.128E-12   0.128E-12   0.128E-12
  -0.372E+01   0.161E-12   0.665E-12   0.961E-12   0.961E-12   0.961E-12
  -0.362E+01   0.231E-12   0.959E-12   0.138E-11   0.138E-11   0.138E-11
  -0.352E+01   0.146E-12   0.270E-12   0.499E-11   0.499E-11   0.499E-11
  -0.342E+01   0.619E-09   0.624E-11   0.106E-07   0.106E-07   0.106E-07
  -0.333E+01   0.729E-06   0.734E-08   0.398E-05   0.398E-05   0.398E-05
  -0.323E+01   0.138E-03   0.139E-05   0.265E-03   0.265E-03   0.265E-03
  -0.313E+01   0.448E-02   0.442E-04   0.367E-02   0.367E-02   0.367E-02
  -0.303E+01   0.308E-01   0.284E-03   0.136E-01   0.136E-01   0.136E-01
  -0.294E+01   0.877E-01   0.766E-03   0.205E-01   0.205E-01   0.205E-01
  -0.284E+01   0.165E+00   0.163E-02   0.214E-01   0.214E-01   0.214E-01
  -0.274E+01   0.178E+00   0.186E-02   0.178E-01   0.178E-01   0.178E-01
  -0.264E+01   0.909E-01   0.168E-02   0.870E-02   0.870E-02   0.870E-02
  -0.254E+01   0.121E-01   0.409E-02   0.222E-02   0.222E-02   0.222E-02
  -0.245E+01   0.308E-03   0.989E-02   0.502E-02   0.502E-02   0.502E-02
  -0.235E+01   0.281E-05   0.783E-02   0.580E-02   0.580E-02   0.580E-02
  -0.225E+01   0.189E-03   0.253E-02   0.387E-02   0.387E-02   0.387E-02
  -0.215E+01   0.424E-02   0.923E-03   0.139E-02   0.139E-02   0.139E-02
  -0.206E+01   0.180E-01   0.143E-02   0.239E-02   0.239E-02   0.239E-02
  -0.196E+01   0.200E-01   0.137E-02   0.624E-02   0.624E-02   0.624E-02
  -0.186E+01   0.464E-01   0.123E-02   0.374E-02   0.374E-02   0.374E-02
  -0.176E+01   0.809E-01   0.179E-02   0.113E-02   0.113E-02   0.113E-02
  -0.166E+01   0.494E-01   0.168E-02   0.731E-03   0.731E-03   0.731E-03
  -0.157E+01   0.675E-01   0.351E-02   0.182E-02   0.182E-02   0.182E-02
  -0.147E+01   0.431E-01   0.220E-02   0.468E-02   0.468E-02   0.468E-02
  -0.137E+01   0.422E-01   0.274E-03   0.467E-02   0.467E-02   0.467E-02
  -0.127E+01   0.232E+00   0.785E-05   0.222E-02   0.222E-02   0.222E-02
  -0.118E+01   0.444E+00   0.204E-06   0.192E-02   0.192E-02   0.192E-02
  -0.108E+01   0.205E+00   0.431E-08   0.921E-03   0.921E-03   0.921E-03
  -0.979E+00   0.452E-01   0.182E-10   0.122E-03   0.122E-03   0.122E-03
  -0.881E+00   0.150E+00   0.404E-13   0.230E-03   0.230E-03   0.230E-03
  -0.784E+00   0.223E+00   0.222E-13   0.437E-03   0.437E-03   0.437E-03
  -0.686E+00   0.803E-01   0.393E-14   0.178E-03   0.178E-03   0.178E-03
  -0.588E+00   0.102E-01   0.164E-15   0.141E-04   0.141E-04   0.141E-04
  -0.490E+00   0.267E-01   0.162E-17   0.198E-06   0.198E-06   0.198E-06
  -0.392E+00   0.326E-01   0.110E-19   0.454E-09   0.454E-09   0.454E-09
  -0.294E+00   0.778E-02   0.186E-20   0.165E-12   0.165E-12   0.165E-12
  -0.197E+00   0.339E-03   0.810E-22   0.922E-17   0.922E-17   0.922E-17
  -0.994E-01   0.252E-05   0.601E-24   0.815E-24   0.815E-24   0.815E-24
  -0.145E-02   0.301E-08   0.718E-27   0.974E-27   0.974E-27   0.974E-27
   0.966E-01   0.561E-12   0.134E-30   0.182E-30   0.182E-30   0.182E-30
   0.195E+00   0.159E-16   0.380E-35   0.515E-35   0.515E-35   0.515E-35
   0.292E+00   0.000E+00   0.000E+00   0.000E+00   0.000E+00   0.000E+00
   0.390E+00   0.000E+00   0.000E+00   0.000E+00   0.000E+00   0.000E+00
   0.488E+00   0.515E-32   0.326E-27   0.231E-14   0.231E-14   0.231E-14
   0.586E+00   0.585E-28   0.371E-23   0.262E-10   0.262E-10   0.262E-10
   0.684E+00   0.115E-24   0.652E-20   0.461E-07   0.461E-07   0.461E-07
   0.781E+00   0.268E-21   0.182E-17   0.129E-04   0.129E-04   0.129E-04
   0.879E+00   0.704E-18   0.911E-16   0.596E-03   0.596E-03   0.596E-03
   0.977E+00   0.325E-15   0.128E-12   0.491E-02   0.491E-02   0.491E-02
   0.107E+01   0.246E-13   0.368E-09   0.854E-02   0.854E-02   0.854E-02
   0.117E+01   0.324E-12   0.168E-06   0.136E-01   0.136E-01   0.136E-01
   0.127E+01   0.820E-12   0.125E-04   0.290E-01   0.290E-01   0.290E-01
   0.137E+01   0.661E-12   0.164E-03   0.286E-01   0.286E-01   0.286E-01
   0.147E+01   0.692E-12   0.468E-03   0.392E-01   0.392E-01   0.392E-01
   0.156E+01   0.325E-12   0.816E-03   0.299E-01   0.299E-01   0.299E-01
   0.166E+01   0.644E-13   0.119E-02   0.230E-01   0.230E-01   0.230E-01
   0.176E+01   0.125E-13   0.973E-03   0.104E-01   0.104E-01   0.104E-01
   0.186E+01   0.780E-15   0.500E-03   0.332E-02   0.332E-02   0.332E-02
   0.195E+01   0.183E-16   0.674E-04   0.415E-03   0.415E-03   0.415E-03
   0.205E+01   0.294E-18   0.168E-05   0.103E-04   0.103E-04   0.103E-04
   0.215E+01   0.807E-17   0.697E-08   0.427E-07   0.427E-07   0.427E-07
   0.225E+01   0.146E-12   0.917E-11   0.304E-10   0.304E-10   0.304E-10
   0.235E+01   0.467E-09   0.114E-07   0.539E-08   0.539E-08   0.539E-08
   0.244E+01   0.332E-06   0.451E-05   0.221E-05   0.221E-05   0.221E-05
   0.254E+01   0.551E-04   0.293E-03   0.161E-03   0.161E-03   0.161E-03
   0.264E+01   0.191E-02   0.333E-02   0.250E-02   0.250E-02   0.250E-02
   0.274E+01   0.138E-01   0.714E-02   0.108E-01   0.108E-01   0.108E-01
   0.283E+01   0.368E-01   0.299E-02   0.238E-01   0.238E-01   0.238E-01
   0.293E+01   0.754E-01   0.466E-03   0.452E-01   0.452E-01   0.452E-01
   0.303E+01   0.987E-01   0.149E-02   0.595E-01   0.595E-01   0.595E-01
   0.313E+01   0.938E-01   0.971E-02   0.603E-01   0.603E-01   0.603E-01
   0.323E+01   0.683E-01   0.361E-01   0.586E-01   0.586E-01   0.586E-01
   0.332E+01   0.327E-01   0.303E-01   0.313E-01   0.313E-01   0.313E-01
   0.342E+01   0.121E-01   0.695E-02   0.695E-02   0.695E-02   0.695E-02
   0.352E+01   0.257E-02   0.111E-01   0.248E-02   0.248E-02   0.248E-02
   0.362E+01   0.851E-03   0.555E-01   0.130E-01   0.130E-01   0.130E-01
   0.371E+01   0.148E-02   0.817E-01   0.219E-01   0.219E-01   0.219E-01
   0.381E+01   0.273E-02   0.587E-01   0.127E-01   0.127E-01   0.127E-01
   0.391E+01   0.362E-02   0.752E-01   0.849E-02   0.849E-02   0.849E-02
   0.401E+01   0.106E-02   0.907E-01   0.643E-02   0.643E-02   0.643E-02
   0.411E+01   0.649E-04   0.124E+00   0.163E-01   0.163E-01   0.163E-01
   0.420E+01   0.267E-04   0.899E-01   0.148E-01   0.148E-01   0.148E-01
   0.430E+01   0.365E-03   0.419E-01   0.129E-01   0.129E-01   0.129E-01
   0.440E+01   0.118E-02   0.888E-01   0.326E-01   0.326E-01   0.326E-01
   0.450E+01   0.809E-03   0.573E-01   0.324E-01   0.324E-01   0.324E-01
   0.460E+01   0.468E-03   0.195E-01   0.228E-01   0.228E-01   0.228E-01
   0.469E+01   0.295E-02   0.290E-01   0.395E-01   0.395E-01   0.395E-01
   0.479E+01   0.539E-02   0.128E-01   0.352E-01   0.352E-01   0.352E-01
   0.489E+01   0.242E-02   0.106E-02   0.150E-01   0.150E-01   0.150E-01
   0.499E+01   0.278E-03   0.155E-04   0.289E-02   0.289E-02   0.289E-02
   0.508E+01   0.733E-05   0.375E-07   0.151E-03   0.151E-03   0.151E-03
   0.518E+01   0.369E-07   0.169E-10   0.156E-05   0.156E-05   0.156E-05
   0.528E+01   0.313E-10   0.340E-14   0.275E-08   0.275E-08   0.275E-08
   0.538E+01   0.421E-14   0.348E-18   0.784E-12   0.784E-12   0.784E-12
   0.548E+01   0.437E-20   0.310E-24   0.347E-16   0.347E-16   0.347E-16
   0.557E+01   0.000E+00   0.000E+00   0.000E+00   0.000E+00   0.000E+00
   0.567E+01   0.000E+00   0.000E+00   0.000E+00   0.000E+00   0.000E+00
   0.577E+01   0.000E+00   0.000E+00   0.000E+00   0.000E+00   0.000E+00
   0.587E+01   0.000E+00   0.000E+00   0.000E+00   0.000E+00   0.000E+00
   0.596E+01   0.000E+00   0.000E+00   0.000E+00   0.000E+00   0.000E+00
   0.606E+01   0.000E+00   0.000E+00   0.000E+00   0.000E+00   0.000E+00
   0.616E+01   0.000E+00   0.000E+00   0.000E+00   0.000E+00   0.000E+00
