Curve Energy
0.0 -1017.050082881669
250.0 -1017.144486300495
500.0 -1018.193711919447
750.0 -1016.129112104206
1000.0 -1017.698610257998
1250.0 -1018.933739780553
1500.0 -1017.483615668949
1750.0 -1017.20547675844
2000.0 -1017.910401415444
2250.0 -1016.884365894027
2500.0 -1016.863873672852
2750.0 -1016.246295761893
3000.0 -1017.666844794581
3250.0 -1017.390812256021
3500.0 -1016.655303451102
3750.0 -1016.951259089551
4000.0 -1018.584920560991
4250.0 -1017.720273422218
4500.0 -1018.531588840772
4750.0 -1017.016459881355
5000.0 -1016.371458203804
5250.0 -1016.420622621395
5500.0 -1016.60020441386
5750.0 -1018.565544458812
6000.0 -1020.562092615613
6250.0 -1021.623992211975
6500.0 -1023.99104969931
6750.000000000001 -1024.457941735446
6999.999999999999 -1026.636604138738
7250.0 -1028.04355131988
7500.0 -1029.111183074509
7750.0 -1030.658330335513
8000.0 -1031.556728066551
8250.0 -1032.931174651011
8500.0 -1033.396656914538
8750.0 -1034.234567684177
9000.0 -1035.677384480919
9250.0 -1036.10603877969
9500.0 -1036.170374605647
9750.0 -1035.289589255664
10000.0 -1036.186763270294
10250.0 -1035.449621244397
10500.0 -1036.30001794734
10750.0 -1036.150960511593
11000.0 -1034.310019430655
11250.0 -1035.836519049524
11500.0 -1036.875910947266
11750.0 -1035.393825870915
12000.0 -1035.477204907421
12250.0 -1035.592416975547
12500.0 -1035.537330905786
12750.0 -1035.319194830638
13000.0 -1035.089098718002
13250.0 -1035.571456403458
13500.0 -1036.369392319152
13750.0 -1035.097448169958
14000.0 -1036.003331950553
14250.0 -1036.982043587808
14500.0 -1037.857044806173
14750.0 -1039.427226639435
15000.0 -1040.61455532977
15250.0 -1041.11715693103
15500.0 -1042.3513506912
15750.0 -1043.770078923273
16000.0 -1045.084641183201
16250.0 -1046.107792104777
16500.0 -1047.431438028767
16750.0 -1048.54122318266
17000.0 -1049.738713104397
17250.0 -1050.781957639476
17500.0 -1052.183401431082
17750.0 -1053.085007720829
18000.0 -1053.358756754914
18250.0 -1053.044816435112
18500.0 -1053.485169074025
18750.0 -1053.410905498946
19000.0 -1052.984414935915
19250.0 -1053.358908609146
19500.0 -1053.398199560366
19750.0 -1053.663644108743
20000.0 -1053.487371516506
20250.0 -1053.031658957545
20500.0 -1053.290427560162
20750.0 -1053.652506394243
21000.0 -1053.486707140171
21250.0 -1053.840328617552
21500.0 -1053.429816131645
21750.0 -1053.347959334559
22000.0 -1052.816042946734
22250.0 -1053.315554247709
22500.0 -1053.221282384138
22750.0 -1053.663298679536
23000.0 -1054.388718133881
23250.0 -1055.673989354712
23500.0 -1056.882173683246
23750.0 -1058.712982508154
24000.0 -1059.68636932233
24250.0 -1060.098647394218
24500.0 -1061.716407665106
24750.0 -1062.608644929842
25000.0 -1063.649915201479
25250.0 -1064.846763314144
25500.0 -1066.108247215119
25750.0 -1067.293560196855
26000.0 -1068.258125197528
26250.0 -1069.518597633969
26500.0 -1070.135138347076
26750.0 -1070.391628864344
27000.0 -1070.661619608116
27250.0 -1070.495508997956
27500.0 -1070.353323340839
27750.0 -1070.51766913417
28000.0 -1070.56201077621
28250.0 -1070.427217348963
28500.0 -1070.375916867899
28750.0 -1070.592830651491
29000.0 -1070.473689273239
29250.0 -1070.505713275645
29500.0 -1070.491293440341
29750.0 -1070.481410152557
30000.0 -1070.469363516222
30250.0 -1070.349697207563
30500.0 -1070.362690074064
30750.0 -1070.350486475486
31000.0 -1070.555596391029
31250.0 -1070.273372023987
31500.0 -1070.466787233616
31750.0 -1070.507696095597
32000.0 -1070.453483233182
32250.0 -1070.68868762402
32500.0 -1070.63018113849
32750.0 -1070.51911798399
33000.0 -1070.433520540598
33250.0 -1070.502273019631
33500.0 -1070.579491189854
33750.0 -1070.509042793685
34000.0 -1070.403683173287
34250.0 -1070.393695614664
34500.0 -1070.324941291573
34750.0 -1070.495919509879
35000.0 -1070.431939488633
35250.0 -1070.523900699502
35500.0 -1070.454634228303
35750.0 -1070.384459818506
36000.0 -1070.473852917825
36250.0 -1070.372657808908
36500.0 -1070.681653918231
36750.0 -1070.656268176326
37000.0 -1070.399336508784
37250.0 -1070.511577295932
37500.0 -1070.460335093332
Curve cellvolume
0.0 16609.240234375
250.0 16620.65234375
500.0 16596.404296875
750.0 16582.158203125
1000.0 16491.734375
1250.0 16383.4130859375
1500.0 16524.611328125
1750.0 16630.787109375
2000.0 16569.703125
2250.0 16576.185546875
2500.0 16572.849609375
2750.0 16574.05859375
3000.0 16501.8671875
3250.0 16544.208984375
3500.0 16546.962890625
3750.0 16561.96484375
4000.0 16542.884765625
4250.0 16503.34765625
4500.0 16382.046875
4750.0 16522.18359375
5000.0 16626.173828125
5250.0 16592.53125
5500.0 16705.9296875
5750.0 16628.875
6000.0 16539.021484375
6250.0 16429.30078125
6500.0 16289.0654296875
6750.000000000001 16332.1318359375
6999.999999999999 16345.1640625
7250.0 16307.5234375
7500.0 16234.5791015625
7750.0 16253.6630859375
8000.0 16164.4072265625
8250.0 16157.5908203125
8500.0 16116.3369140625
8750.0 16118.4736328125
9000.0 16153.3203125
9250.0 16154.7001953125
9500.0 16107.3984375
9750.0 16084.44921875
10000.0 16117.4423828125
10250.0 16159.220703125
10500.0 16110.017578125
10750.0 16005.4853515625
11000.0 16224.537109375
11250.0 16188.728515625
11500.0 16101.9970703125
11750.0 16115.490234375
12000.0 16148.484375
12250.0 16129.0615234375
12500.0 16224.345703125
12750.0 16156.3193359375
13000.0 16167.212890625
13250.0 16131.5009765625
13500.0 16074.025390625
13750.0 16112.177734375
14000.0 16183.96875
14250.0 16184.9482421875
14500.0 16140.1455078125
14750.0 16049.2705078125
15000.0 16018.4130859375
15250.0 15997.9267578125
15500.0 15966.8935546875
15750.0 15937.3134765625
16000.0 15962.0888671875
16250.0 15975.1962890625
16500.0 15908.0244140625
16750.0 15843.5771484375
17000.0 15842.6103515625
17250.0 15787.25390625
17500.0 15758.060546875
17750.0 15800.8994140625
18000.0 15780.90625
18250.0 15728.5908203125
18500.0 15684.21484375
18750.0 15734.44921875
19000.0 15790.6533203125
19250.0 15760.904296875
19500.0 15758.408203125
19750.0 15767.3974609375
20000.0 15751.7822265625
20250.0 15727.0556640625
20500.0 15744.0498046875
20750.0 15713.9296875
21000.0 15710.5634765625
21250.0 15710.9248046875
21500.0 15796.3984375
21750.0 15745.181640625
22000.0 15748.0439453125
22250.0 15779.537109375
22500.0 15770.724609375
22750.0 15724.98046875
23000.0 15702.1865234375
23250.0 15698.021484375
23500.0 15734.2373046875
23750.0 15627.5712890625
24000.0 15630.7744140625
24250.0 15665.205078125
24500.0 15622.87890625
24750.0 15611.73046875
25000.0 15556.759765625
25250.0 15549.9892578125
25500.0 15559.0029296875
25750.0 15508.3193359375
26000.0 15483.5205078125
26250.0 15462.7646484375
26500.0 15424.35546875
26750.0 15438.4287109375
27000.0 15450.7158203125
27250.0 15438.3623046875
27500.0 15461.4013671875
27750.0 15430.5302734375
28000.0 15440.515625
28250.0 15448.7724609375
28500.0 15427.13671875
28750.0 15414.3876953125
29000.0 15420.9609375
29250.0 15417.9091796875
29500.0 15440.28515625
29750.0 15454.4111328125
30000.0 15445.6494140625
30250.0 15447.3232421875
30500.0 15448.4609375
30750.0 15461.7529296875
31000.0 15437.6005859375
31250.0 15417.1123046875
31500.0 15416.1767578125
31750.0 15418.5791015625
32000.0 15422.9677734375
32250.0 15453.3359375
32500.0 15430.9384765625
32750.0 15450.3271484375
33000.0 15448.0859375
33250.0 15435.552734375
33500.0 15450.603515625
33750.0 15466.572265625
34000.0 15441.4609375
34250.0 15443.6904296875
34500.0 15429.96484375
34750.0 15433.0302734375
35000.0 15418.4677734375
35250.0 15447.4189453125
35500.0 15433.2138671875
35750.0 15446.7431640625
36000.0 15429.529296875
36250.0 15407.734375
36500.0 15389.9775390625
36750.0 15426.59375
37000.0 15445.0498046875
37250.0 15434.7392578125
37500.0 15450.5537109375
