Curve latticelength-1
0.0 25.1560001373291
1.0 25.42587471008301
2.0 25.62607765197754
3.0 25.52659797668457
4.0 25.56272125244141
5.0 25.55683326721191
6.0 25.53535270690918
7.0 25.42373847961426
8.0 25.43106460571289
9.0 25.41278076171875
10.0 25.43757057189941
11.0 25.4968147277832
12.0 25.53879547119141
13.0 25.4829216003418
14.0 25.47370719909668
15.0 25.4447135925293
16.0 25.44344902038574
17.0 25.40785217285156
18.0 25.47209548950195
19.0 25.45648765563965
20.0 25.58597373962402
21.0 25.52773666381836
22.0 25.46936225891113
23.0 25.62601089477539
24.0 25.6095027923584
25.0 25.59520149230957
26.0 25.53096199035645
27.0 25.48682022094727
28.0 25.45690727233887
29.0 25.35908889770508
30.0 25.40642356872559
31.0 25.38225746154785
32.0 25.31513595581055
33.0 25.40368270874023
34.0 25.50182151794434
35.0 25.4272518157959
36.0 25.35588073730469
37.0 25.40666580200195
38.0 25.27872848510742
39.0 25.39152336120605
40.0 25.38615226745605
41.0 25.44236183166504
42.0 25.42389106750488
43.0 25.49722862243652
44.0 25.47782707214355
45.0 25.44391632080078
46.0 25.53179550170898
47.0 25.47595024108887
48.0 25.44140815734863
49.0 25.44827842712402
50.0 25.44038391113281
51.0 25.44809913635254
52.0 25.55158042907715
53.0 25.5090160369873
54.0 25.51993370056152
55.0 25.53722381591797
56.0 25.58587455749512
57.0 25.52495574951172
58.0 25.52478408813477
59.0 25.56125831604004
60.0 25.48522186279297
61.0 25.43703079223633
62.0 25.50338745117188
63.0 25.49661827087402
64.0 25.58790016174316
65.0 25.58339309692383
66.0 25.49225616455078
67.0 25.47219467163086
68.0 25.48224067687988
69.0 25.46483993530273
70.0 25.35992813110352
71.0 25.42861366271973
72.0 25.47557067871094
73.0 25.48139381408691
74.0 25.48553466796875
75.0 25.43915176391602
76.0 25.4486255645752
77.0 25.40700912475586
78.0 25.45640563964844
79.0 25.56415748596191
80.0 25.60833930969238
81.0 25.54182434082031
82.0 25.49362564086914
83.0 25.44216918945312
84.0 25.43510246276855
85.0 25.44008445739746
86.0 25.4049015045166
87.0 25.4484748840332
88.0 25.48459243774414
89.0 25.61045265197754
90.0 25.6192512512207
91.0 25.60600852966309
92.0 25.50139999389648
93.0 25.50590896606445
94.0 25.46737861633301
95.0 25.53426170349121
96.0 25.69321823120117
97.0 25.61448287963867
98.0 25.46511268615723
99.0 25.3929615020752
100.0 25.47420692443848
Curve latticelength-2
0.0 25.1560001373291
1.0 25.37069129943848
2.0 25.48762321472168
3.0 25.44391441345215
4.0 25.3533935546875
5.0 25.2586669921875
6.0 25.30897521972656
7.0 25.36538314819336
8.0 25.43623352050781
9.0 25.51091575622559
10.0 25.46639633178711
11.0 25.34947776794434
12.0 25.37547302246094
13.0 25.37932014465332
14.0 25.47015762329102
15.0 25.43925094604492
16.0 25.48322868347168
17.0 25.50608062744141
18.0 25.50752830505371
19.0 25.47257804870605
20.0 25.40057754516602
21.0 25.35657691955566
22.0 25.3000373840332
23.0 25.18697547912598
24.0 25.16121673583984
25.0 25.37104034423828
26.0 25.32561683654785
27.0 25.29477882385254
28.0 25.21099472045898
29.0 25.3079891204834
30.0 25.42259788513184
31.0 25.48729133605957
32.0 25.47727203369141
33.0 25.39960098266602
34.0 25.45761108398438
35.0 25.43670845031738
36.0 25.4610424041748
37.0 25.39034271240234
38.0 25.32953453063965
39.0 25.34746932983398
40.0 25.44277954101562
41.0 25.36352348327637
42.0 25.39936447143555
43.0 25.41019821166992
44.0 25.36350440979004
45.0 25.34962272644043
46.0 25.28636932373047
47.0 25.36725234985352
48.0 25.32909774780273
49.0 25.42675399780273
50.0 25.48999786376953
51.0 25.61405372619629
52.0 25.52485084533691
53.0 25.54213523864746
54.0 25.42008018493652
55.0 25.43232154846191
56.0 25.47158813476562
57.0 25.40693473815918
58.0 25.47851371765137
59.0 25.5223560333252
60.0 25.48406219482422
61.0 25.45600509643555
62.0 25.4710750579834
63.0 25.46360969543457
64.0 25.4594783782959
65.0 25.53078651428223
66.0 25.49049377441406
67.0 25.4952335357666
68.0 25.42567443847656
69.0 25.39575576782227
70.0 25.38392639160156
71.0 25.44580268859863
72.0 25.40364265441895
73.0 25.43696022033691
74.0 25.47904014587402
75.0 25.50611877441406
76.0 25.52036094665527
77.0 25.45565795898438
78.0 25.39962387084961
79.0 25.44520950317383
80.0 25.41443252563477
81.0 25.42411422729492
82.0 25.42370986938477
83.0 25.43769073486328
84.0 25.43244361877441
85.0 25.42088890075684
86.0 25.49337577819824
87.0 25.50631332397461
88.0 25.3614330291748
89.0 25.40395164489746
90.0 25.37692260742188
91.0 25.44601631164551
92.0 25.57615661621094
93.0 25.45798683166504
94.0 25.39531898498535
95.0 25.39996147155762
96.0 25.35160446166992
97.0 25.40059471130371
98.0 25.44820976257324
99.0 25.50814247131348
100.0 25.56012916564941
Curve latticelength-3
0.0 25.1560001373291
1.0 25.37343788146973
2.0 25.51976776123047
3.0 25.50677871704102
4.0 25.45873069763184
5.0 25.3503475189209
6.0 25.33428764343262
7.0 25.33201599121094
8.0 25.36729049682617
9.0 25.44736671447754
10.0 25.4963264465332
11.0 25.41634178161621
12.0 25.39557456970215
13.0 25.38732528686523
14.0 25.41713333129883
15.0 25.40956878662109
16.0 25.43004417419434
17.0 25.59160423278809
18.0 25.51640129089355
19.0 25.4614143371582
20.0 25.46695709228516
21.0 25.5368480682373
22.0 25.52102279663086
23.0 25.41902923583984
24.0 25.44500541687012
25.0 25.2767333984375
26.0 25.25914001464844
27.0 25.34937286376953
28.0 25.43737983703613
29.0 25.4323787689209
30.0 25.3364315032959
31.0 25.32790565490723
32.0 25.41786766052246
33.0 25.3809986114502
34.0 25.35462188720703
35.0 25.43123626708984
36.0 25.43174362182617
37.0 25.48552894592285
38.0 25.5617618560791
39.0 25.51786231994629
40.0 25.45918273925781
41.0 25.35710525512695
42.0 25.38551712036133
43.0 25.54118728637695
44.0 25.4986457824707
45.0 25.36503410339355
46.0 25.4077091217041
47.0 25.40699577331543
48.0 25.47075843811035
49.0 25.46665954589844
50.0 25.47812080383301
51.0 25.5120677947998
52.0 25.49429893493652
53.0 25.46641159057617
54.0 25.5052490234375
55.0 25.59142112731934
56.0 25.50632667541504
57.0 25.43997192382812
58.0 25.29895210266113
59.0 25.44366836547852
60.0 25.51456642150879
61.0 25.49327850341797
62.0 25.47072219848633
63.0 25.48351669311523
64.0 25.37687110900879
65.0 25.35152244567871
66.0 25.37531471252441
67.0 25.38590621948242
68.0 25.37915420532227
69.0 25.39642333984375
70.0 25.43194007873535
71.0 25.41089630126953
72.0 25.39007568359375
73.0 25.42171478271484
74.0 25.37643241882324
75.0 25.4910774230957
76.0 25.3222541809082
77.0 25.36600875854492
78.0 25.40482139587402
79.0 25.34607887268066
80.0 25.34084701538086
81.0 25.3595027923584
82.0 25.43719863891602
83.0 25.46532249450684
84.0 25.50031280517578
85.0 25.446044921875
86.0 25.41248321533203
87.0 25.4951114654541
88.0 25.53047752380371
89.0 25.43489456176758
90.0 25.44071960449219
91.0 25.43588829040527
92.0 25.54065132141113
93.0 25.57473182678223
94.0 25.57446098327637
95.0 25.59277534484863
96.0 25.51833915710449
97.0 25.51564025878906
98.0 25.51294326782227
99.0 25.48417854309082
100.0 25.50856399536133
Curve latticeangle-12
0.0 90.0
1.0 90.0
2.0 90.0
3.0 90.0
4.0 90.0
5.0 90.0
6.0 90.0
7.0 90.0
8.0 90.0
9.0 90.0
10.0 90.0
11.0 90.0
12.0 90.0
13.0 90.0
14.0 90.0
15.0 90.0
16.0 90.0
17.0 90.0
18.0 90.0
19.0 90.0
20.0 90.0
21.0 90.0
22.0 90.0
23.0 90.0
24.0 90.0
25.0 90.0
26.0 90.0
27.0 90.0
28.0 90.0
29.0 90.0
30.0 90.0
31.0 90.0
32.0 90.0
33.0 90.0
34.0 90.0
35.0 90.0
36.0 90.0
37.0 90.0
38.0 90.0
39.0 90.0
40.0 90.0
41.0 90.0
42.0 90.0
43.0 90.0
44.0 90.0
45.0 90.0
46.0 90.0
47.0 90.0
48.0 90.0
49.0 90.0
50.0 90.0
51.0 90.0
52.0 90.0
53.0 90.0
54.0 90.0
55.0 90.0
56.0 90.0
57.0 90.0
58.0 90.0
59.0 90.0
60.0 90.0
61.0 90.0
62.0 90.0
63.0 90.0
64.0 90.0
65.0 90.0
66.0 90.0
67.0 90.0
68.0 90.0
69.0 90.0
70.0 90.0
71.0 90.0
72.0 90.0
73.0 90.0
74.0 90.0
75.0 90.0
76.0 90.0
77.0 90.0
78.0 90.0
79.0 90.0
80.0 90.0
81.0 90.0
82.0 90.0
83.0 90.0
84.0 90.0
85.0 90.0
86.0 90.0
87.0 90.0
88.0 90.0
89.0 90.0
90.0 90.0
91.0 90.0
92.0 90.0
93.0 90.0
94.0 90.0
95.0 90.0
96.0 90.0
97.0 90.0
98.0 90.0
99.0 90.0
100.0 90.0
Curve latticeangle-13
0.0 90.0
1.0 90.0
2.0 90.0
3.0 90.0
4.0 90.0
5.0 90.0
6.0 90.0
7.0 90.0
8.0 90.0
9.0 90.0
10.0 90.0
11.0 90.0
12.0 90.0
13.0 90.0
14.0 90.0
15.0 90.0
16.0 90.0
17.0 90.0
18.0 90.0
19.0 90.0
20.0 90.0
21.0 90.0
22.0 90.0
23.0 90.0
24.0 90.0
25.0 90.0
26.0 90.0
27.0 90.0
28.0 90.0
29.0 90.0
30.0 90.0
31.0 90.0
32.0 90.0
33.0 90.0
34.0 90.0
35.0 90.0
36.0 90.0
37.0 90.0
38.0 90.0
39.0 90.0
40.0 90.0
41.0 90.0
42.0 90.0
43.0 90.0
44.0 90.0
45.0 90.0
46.0 90.0
47.0 90.0
48.0 90.0
49.0 90.0
50.0 90.0
51.0 90.0
52.0 90.0
53.0 90.0
54.0 90.0
55.0 90.0
56.0 90.0
57.0 90.0
58.0 90.0
59.0 90.0
60.0 90.0
61.0 90.0
62.0 90.0
63.0 90.0
64.0 90.0
65.0 90.0
66.0 90.0
67.0 90.0
68.0 90.0
69.0 90.0
70.0 90.0
71.0 90.0
72.0 90.0
73.0 90.0
74.0 90.0
75.0 90.0
76.0 90.0
77.0 90.0
78.0 90.0
79.0 90.0
80.0 90.0
81.0 90.0
82.0 90.0
83.0 90.0
84.0 90.0
85.0 90.0
86.0 90.0
87.0 90.0
88.0 90.0
89.0 90.0
90.0 90.0
91.0 90.0
92.0 90.0
93.0 90.0
94.0 90.0
95.0 90.0
96.0 90.0
97.0 90.0
98.0 90.0
99.0 90.0
100.0 90.0
Curve latticeangle-23
0.0 90.0
1.0 90.0
2.0 90.0
3.0 90.0
4.0 90.0
5.0 90.0
6.0 90.0
7.0 90.0
8.0 90.0
9.0 90.0
10.0 90.0
11.0 90.0
12.0 90.0
13.0 90.0
14.0 90.0
15.0 90.0
16.0 90.0
17.0 90.0
18.0 90.0
19.0 90.0
20.0 90.0
21.0 90.0
22.0 90.0
23.0 90.0
24.0 90.0
25.0 90.0
26.0 90.0
27.0 90.0
28.0 90.0
29.0 90.0
30.0 90.0
31.0 90.0
32.0 90.0
33.0 90.0
34.0 90.0
35.0 90.0
36.0 90.0
37.0 90.0
38.0 90.0
39.0 90.0
40.0 90.0
41.0 90.0
42.0 90.0
43.0 90.0
44.0 90.0
45.0 90.0
46.0 90.0
47.0 90.0
48.0 90.0
49.0 90.0
50.0 90.0
51.0 90.0
52.0 90.0
53.0 90.0
54.0 90.0
55.0 90.0
56.0 90.0
57.0 90.0
58.0 90.0
59.0 90.0
60.0 90.0
61.0 90.0
62.0 90.0
63.0 90.0
64.0 90.0
65.0 90.0
66.0 90.0
67.0 90.0
68.0 90.0
69.0 90.0
70.0 90.0
71.0 90.0
72.0 90.0
73.0 90.0
74.0 90.0
75.0 90.0
76.0 90.0
77.0 90.0
78.0 90.0
79.0 90.0
80.0 90.0
81.0 90.0
82.0 90.0
83.0 90.0
84.0 90.0
85.0 90.0
86.0 90.0
87.0 90.0
88.0 90.0
89.0 90.0
90.0 90.0
91.0 90.0
92.0 90.0
93.0 90.0
94.0 90.0
95.0 90.0
96.0 90.0
97.0 90.0
98.0 90.0
99.0 90.0
100.0 90.0
