1 5.00987 5.00987
2 5.21570 5.20595
3 4.26920 4.87675
4 4.36226 4.62375
5 4.98657 4.57484
6 4.75311 4.65059
7 5.79301 4.69799
8 5.06080 4.86837
9 4.32939 4.86619
10 5.06271 4.84538
11 5.96828 4.89360
12 5.82935 5.06329
13 5.82361 5.11123
14 5.79263 5.20686
15 5.01541 5.18720
16 4.15582 5.12950
17 4.48031 5.02910
18 4.53194 5.00874
19 4.06991 4.99075
20 4.92468 4.99703
21 4.94781 4.96757
22 4.10664 4.97476
23 5.79128 5.02763
24 4.89997 5.01817
25 3.68682 5.01681
26 5.13785 5.00722
27 7.11145 5.04414
28 6.49807 5.06065
29 4.70316 5.04890
30 5.67502 5.06701
31 8.63490 5.08579
32 7.26994 5.11007
33 3.87828 5.12445
34 8.11357 5.13694
35 4.53804 5.15529
36 5.44310 5.17137
37 4.56896 5.18944
38 5.63900 5.19674
39 4.01602 5.21146
40 4.72262 5.22745
41 3.84210 5.23523
42 4.29961 5.23388
43 5.21736 5.23735
44 5.85628 5.23542
45 5.41990 5.24717
46 5.71995 5.25198
47 5.29831 5.25346
48 5.35674 5.25831
49 3.51016 5.26668
50 6.82460 5.27092
51 5.95361 5.27303
52 3.24052 5.27571
53 3.81858 5.27998
54 6.53544 5.28237
55 5.35166 5.28773
56 4.24116 5.29004
57 5.92368 5.29248
58 4.69469 5.29454
59 4.59767 5.29792
60 4.52192 5.29927
61 4.84750 5.30500
62 4.69315 5.30808
63 4.64362 5.31098
64 6.06514 5.31212
65 8.30579 5.31204
66 6.01519 5.31446
67 4.28392 5.31931
68 5.85523 5.32191
69 4.10646 5.32386
70 5.98358 5.32457
71 6.67650 5.32374
72 5.15795 5.32677
73 4.91337 5.32745
74 5.65538 5.32908
75 4.73287 5.32851
76 6.40611 5.33069
77 3.49669 5.33218
78 6.10922 5.33112
79 5.07946 5.33214
80 3.97066 5.33426
81 4.57131 5.33470
82 4.83293 5.33631
83 8.15983 5.33906
84 4.52910 5.34147
85 5.23434 5.34220
86 6.79915 5.34448
87 5.60281 5.34570
88 6.91437 5.34731
89 5.92760 5.34790
90 5.45770 5.34891
91 5.34434 5.35076
92 4.65268 5.35036
93 6.26820 5.35265
94 5.00156 5.35428
95 4.69663 5.35452
96 4.83726 5.35646
97 4.16751 5.35863
98 6.52237 5.35901
99 6.98101 5.36052
100 6.12398 5.36146
101 4.44004 5.36211
102 3.60562 5.36332
103 4.88676 5.36436
104 5.57697 5.36628
105 4.14389 5.36570
106 6.81617 5.36455
107 6.20910 5.36583
108 5.96915 5.36658
109 4.47563 5.36653
110 3.92272 5.36718
111 5.09948 5.36746
112 5.22636 5.36846
113 5.58206 5.36835
114 5.02020 5.36758
115 6.18220 5.36902
116 6.39314 5.37049
117 3.65776 5.37104
118 4.49618 5.37155
119 6.50460 5.37169
120 6.83652 5.37224
121 3.61571 5.37324
122 4.30426 5.37378
123 4.25266 5.37484
124 4.95982 5.37596
125 10.58650 5.37743
126 6.56768 5.37868
127 5.91726 5.38073
128 5.61760 5.38155
129 5.56726 5.38262
130 6.06283 5.38326
131 6.35350 5.38448
132 4.45179 5.38516
133 5.87243 5.38571
134 4.57485 5.38561
135 6.58254 5.38689
136 5.71189 5.38818
137 4.59806 5.38965
138 5.52387 5.38999
139 5.46437 5.39040
140 5.08017 5.39167
141 4.50091 5.39183
142 5.75643 5.39232
143 5.93986 5.39178
144 4.46326 5.39207
145 4.16922 5.39270
146 3.77621 5.39245
147 5.08792 5.39190
148 6.22147 5.39112
149 3.71992 5.39127
150 4.17505 5.39226
151 5.54065 5.39254
152 4.96771 5.39298
153 5.15321 5.39328
154 5.86453 5.39372
155 5.38696 5.39338
156 3.61257 5.39399
157 7.01843 5.39456
158 9.01234 5.39455
159 5.21377 5.39499
160 8.31990 5.39608
161 5.56311 5.39657
162 5.56299 5.39696
163 5.61316 5.39771
164 4.01433 5.39790
165 3.73121 5.39791
166 6.27310 5.39892
167 4.62122 5.39980
168 4.22836 5.40093
169 5.31381 5.40188
170 4.51979 5.40224
171 4.87908 5.40328
172 4.31499 5.40446
173 6.04428 5.40613
174 5.20271 5.40687
175 3.85112 5.40717
176 7.14309 5.40766
177 4.62219 5.40809
178 4.24279 5.40836
179 5.26828 5.40833
180 6.18763 5.40819
181 6.94126 5.40859
182 7.17159 5.40906
183 3.53950 5.40943
184 5.15078 5.40964
185 3.90338 5.41006
186 4.76834 5.41090
187 4.12153 5.41048
188 7.24291 5.41096
189 4.86015 5.41117
190 5.02315 5.41116
191 5.45986 5.41140
192 4.09851 5.41152
193 4.29433 5.41158
194 5.75802 5.41194
195 5.32403 5.41211
196 5.69096 5.41309
197 5.01786 5.41399
198 7.00670 5.41436
199 4.68128 5.41451
200 6.09740 5.41439
201 4.91004 5.41503
202 4.38856 5.41512
203 3.84494 5.41509
204 6.53215 5.41504
205 5.89525 5.41519
206 6.87000 5.41558
207 4.32070 5.41545
208 4.31308 5.41551
209 6.53995 5.41642
210 6.89195 5.41665
211 6.33405 5.41676
212 5.19028 5.41655
213 7.92157 5.41669
214 4.80064 5.41745
215 4.67707 5.41793
216 5.85694 5.41894
217 5.14723 5.41954
218 4.04245 5.41949
219 4.22036 5.41920
220 4.61600 5.41960
221 5.15271 5.42043
222 5.27230 5.42095
223 5.49018 5.42130
224 6.62751 5.42178
225 6.30849 5.42237
226 3.72151 5.42240
227 7.08184 5.42300
228 4.89312 5.42288
229 5.36287 5.42369
230 5.50636 5.42425
231 6.45036 5.42500
232 5.99037 5.42590
233 7.34046 5.42596
234 6.59717 5.42667
235 5.51739 5.42726
236 4.74754 5.42743
237 4.59656 5.42755
238 5.18864 5.42745
239 4.94717 5.42799
240 3.60539 5.42813
241 4.89325 5.42738
242 4.50560 5.42752
243 5.85406 5.42757
244 4.44607 5.42771
245 6.88732 5.42838
246 4.88940 5.42841
247 5.00331 5.42867
248 5.52765 5.42950
249 5.16614 5.42974
250 5.17861 5.43028
251 4.77695 5.43029
252 5.15064 5.43027
253 3.98710 5.43015
254 4.70864 5.43032
255 4.35212 5.43075
256 4.44578 5.43096
257 4.00923 5.43103
258 6.19631 5.43143
259 9.02667 5.43098
260 4.73788 5.43154
261 5.06445 5.43221
262 6.43198 5.43197
263 4.13955 5.43256
264 4.88960 5.43274
265 4.33609 5.43334
266 5.71655 5.43365
267 5.60221 5.43360
268 4.76922 5.43343
269 5.14351 5.43342
270 4.86031 5.43326
271 5.33262 5.43334
272 6.60217 5.43352
273 5.59200 5.43353
274 4.96598 5.43340
275 5.61803 5.43374
276 4.58019 5.43351
277 7.35218 5.43381
278 5.00193 5.43330
279 5.96418 5.43356
280 5.41700 5.43425
281 5.33507 5.43485
282 6.63807 5.43447
283 7.68002 5.43428
284 4.40772 5.43420
285 5.10345 5.43388
286 7.59286 5.43384
287 6.43993 5.43383
288 5.52884 5.43388
289 8.09364 5.43384
290 4.61159 5.43423
291 4.63366 5.43440
292 4.81818 5.43473
293 6.43470 5.43492
294 4.80133 5.43533
295 7.08117 5.43510
296 7.71003 5.43545
297 6.90738 5.43554
298 5.91295 5.43593
299 6.70792 5.43519
300 6.48522 5.43561
301 7.56673 5.43569
302 5.93691 5.43555
303 8.96547 5.43581
304 3.51480 5.43554
305 5.48284 5.43560
306 6.98109 5.43579
307 5.71122 5.43545
308 5.19022 5.43534
309 5.78566 5.43557
310 6.77184 5.43606
311 5.72334 5.43639
312 6.25281 5.43656
313 5.49542 5.43652
314 4.40707 5.43679
315 5.48231 5.43680
316 3.88874 5.43718
317 5.85129 5.43674
318 4.48145 5.43681
319 5.99601 5.43660
320 4.69233 5.43664
321 4.00229 5.43667
322 4.66747 5.43684
323 4.34870 5.43724
324 7.27609 5.43715
325 5.23735 5.43692
326 6.20177 5.43720
327 6.31683 5.43710
328 5.16970 5.43732
329 5.29018 5.43719
330 8.28017 5.43740
331 6.62024 5.43781
332 4.17167 5.43840
333 4.28391 5.43842
334 6.26089 5.43889
335 4.84007 5.43933
336 8.28853 5.43964
337 5.28806 5.43982
338 4.26903 5.44000
339 3.81377 5.44059
340 7.48209 5.44043
341 10.05480 5.44048
342 4.28333 5.44059
343 5.74709 5.44046
344 4.87506 5.44029
345 7.26430 5.44018
346 4.71810 5.44035
347 12.01914 5.44057
348 4.00217 5.44085
349 4.30487 5.44097
350 4.85824 5.44110
351 5.85702 5.44113
352 5.56692 5.44079
353 7.39400 5.44076
354 6.03530 5.44083
355 5.37015 5.44108
356 6.39120 5.44095
357 3.51798 5.44106
358 4.05983 5.44131
359 5.82196 5.44113
360 9.60284 5.44090
361 5.69580 5.44093
362 5.78626 5.44094
363 5.16273 5.44090
364 5.50216 5.44168
365 5.21406 5.44173
366 3.83260 5.44214
367 5.59330 5.44224
368 8.10121 5.44230
369 6.12229 5.44214
370 4.56689 5.44243
371 7.28000 5.44242
372 5.99678 5.44245
373 5.85134 5.44266
374 7.13668 5.44280
375 4.63870 5.44247
376 5.00041 5.44239
377 5.39013 5.44270
378 5.12278 5.44315
379 5.66270 5.44302
380 5.64747 5.44351
381 5.48009 5.44332
382 4.54566 5.44348
383 6.35943 5.44344
384 5.73796 5.44360
385 6.94132 5.44360
386 5.14224 5.44371
387 4.58146 5.44402
388 5.03310 5.44403
389 6.90411 5.44434
390 6.15120 5.44428
391 4.49935 5.44453
392 6.49701 5.44466
393 5.96517 5.44447
394 6.60442 5.44423
395 6.02034 5.44446
396 5.87624 5.44423
397 3.59269 5.44382
398 6.88301 5.44421
399 7.73033 5.44439
400 5.24222 5.44427
401 4.76320 5.44447
402 6.94423 5.44471
403 5.88391 5.44467
404 4.47044 5.44486
405 4.69622 5.44510
406 4.44799 5.44515
407 6.90879 5.44510
408 4.78604 5.44531
409 6.73060 5.44529
410 5.01263 5.44546
411 5.92444 5.44547
412 5.99945 5.44548
413 4.43773 5.44550
414 5.65438 5.44564
415 5.39816 5.44580
416 3.81692 5.44586
417 6.32482 5.44579
418 5.64523 5.44589
419 4.87683 5.44636
420 7.90490 5.44611
421 4.07775 5.44611
422 4.35838 5.44569
423 4.82483 5.44603
424 6.48625 5.44587
425 7.99388 5.44638
426 5.59561 5.44637
427 4.13793 5.44628
428 8.98818 5.44597
429 3.98794 5.44571
430 5.47616 5.44571
431 4.85558 5.44586
432 4.59650 5.44602
433 5.14821 5.44608
434 7.05182 5.44626
435 4.60978 5.44662
436 6.77697 5.44661
437 5.41606 5.44653
438 5.73361 5.44668
439 4.49554 5.44678
440 8.66482 5.44690
441 4.63820 5.44712
442 6.92730 5.44726
443 5.97766 5.44693
444 4.81927 5.44676
445 3.77850 5.44679
446 5.78715 5.44703
447 6.91661 5.44710
448 6.55401 5.44731
449 6.30865 5.44756
450 6.12670 5.44739
451 5.04761 5.44745
452 8.75286 5.44746
453 6.22671 5.44784
454 5.77813 5.44789
455 5.47436 5.44811
456 5.40333 5.44823
457 4.21296 5.44786
458 6.19585 5.44750
459 5.85702 5.44766
460 6.14416 5.44785
461 5.09073 5.44744
462 5.32757 5.44781
463 5.91609 5.44797
464 5.38773 5.44807
465 5.64453 5.44769
466 6.13819 5.44724
467 5.38027 5.44719
468 5.95949 5.44683
469 5.17940 5.44688
470 6.14739 5.44707
471 6.87643 5.44710
472 4.90771 5.44718
473 3.72205 5.44736
474 4.39780 5.44718
475 6.05423 5.44690
476 5.42331 5.44724
477 3.71744 5.44709
478 3.39384 5.44711
479 4.00654 5.44733
480 6.79683 5.44715
481 6.36253 5.44715
482 6.34178 5.44718
483 5.79494 5.44710
484 6.38931 5.44712
485 4.84746 5.44690
486 5.08401 5.44667
487 5.17399 5.44670
488 4.66476 5.44683
489 10.39079 5.44736
490 5.65604 5.44757
491 5.16320 5.44741
492 5.01750 5.44774
493 4.38691 5.44797
494 6.27906 5.44801
495 4.32233 5.44778
496 3.37603 5.44767
497 5.91198 5.44767
498 3.99342 5.44781
499 5.11550 5.44807
500 6.74316 5.44799
