1 -212.9835159754 -212.9835159754
2 -59.7271293825 -82.8633330107
3 -170.0690340484 -73.7469095717
4 -72.8762249069 -94.8395941245
5 -252.5413609002 -115.7582819694
6 -157.6352913948 -117.2333936286
7 -164.4379005750 -125.4099875287
8 -422.2740184658 -138.5245342363
9 -378.3238617999 -165.2658572626
10 -325.5451170995 -154.9030011230
11 -83.7563046627 -156.7102962784
12 -102.2022124990 -152.4315840504
13 -379.6103298295 -161.3561299053
14 -328.7405147542 -165.9208855450
15 -277.3147887863 -171.1293172303
16 -102.8881975184 -168.6497336067
17 -72.3300276438 -162.8141326451
18 -126.5557111244 -158.7441373737
19 -57.6372982050 -155.8427052571
20 -49.6364484823 -152.2769868508
21 -174.2671281955 -147.7400065560
22 -44.1594711360 -142.8816957871
23 -78.5868416883 -140.0425604230
24 -164.3579877407 -139.3293300833
25 -244.7232485088 -141.6810002319
26 -150.0291842198 -142.7155458216
27 -59.4281958856 -141.1680970739
28 -47.9660842117 -137.8156175639
29 90.3480022164 -135.9803887559
30 -163.4642146395 -135.5457374793
31 -154.4443330985 -135.9814644634
32 -91.6431306528 -135.1134470731
33 -187.4120427734 -134.2036638259
34 -238.8281942904 -136.4473711085
35 -293.2905982254 -140.0574795375
36 -145.1231487172 -141.5819621164
37 -71.8029836095 -141.0390996789
38 302.7346112063 -139.0838954007
39 -108.3750895851 -139.4577275125
40 -109.1216747697 -139.1260595127
41 -185.6269529069 -140.7643822792
42 -102.7971666547 -140.0627582533
43 -111.9377708004 -139.2512696716
44 -59.2737729401 -138.1124777141
45 -45.8952171756 -136.9426079647
46 -179.7673827022 -135.6419694119
47 -164.2632761981 -135.1600949140
48 -118.6567082977 -137.2876319714
49 -36.9693410891 -135.8565091077
50 -59.7135758874 -134.0061700023
51 -212.2710555729 -133.2205441251
52 -119.6884446389 -134.6987603653
53 -220.2684654187 -135.4219478516
54 -40.8430837530 -135.5223932418
55 -206.2286912436 -134.0475438786
56 -183.0721180711 -133.9647250130
57 -50.4258858522 -135.5690703154
58 -151.6099006194 -135.2989329568
59 -201.1011574143 -136.1177685718
60 -184.1579951520 -136.4938130526
61 -115.4773211751 -137.1654475487
62 -148.3491769847 -136.7385835631
63 -121.1613772697 -137.4624077958
64 -170.6297277364 -137.4100356895
65 -105.8635480634 -136.8879570469
66 -55.1736900705 -136.1268966793
67 -190.2353413111 -135.5662426005
68 -313.7459022323 -136.4332635501
69 -251.7531538458 -138.2832346316
70 -199.6410399355 -140.1228957553
71 -246.5564870799 -140.6640128115
72 -200.7206208332 -142.5861693877
73 -222.9313363543 -144.0828767453
74 -220.9004397355 -145.3466263042
75 -311.2080137838 -146.5561685405
76 -283.3412536998 -147.6750785097
77 -102.0001280229 -147.9255679871
78 -87.4700169581 -147.0844829485
79 -207.3187397259 -147.0261093843
80 -349.9776472790 -147.5720328099
81 -208.0345131838 -147.8082263246
82 -401.6486810992 -150.1947640445
83 -104.2436046824 -151.1974616094
84 -169.0500328478 -151.0952573478
85 -10.6881527564 -150.1849826806
86 -16.2943695529 -148.5627961233
87 -32.7495049938 -147.7399553485
88 -75.4646973722 -146.7631203077
89 -24.6870358163 -145.4931243090
90 -16.5773811252 -144.0540728824
91 -22.4316333051 -142.6348351097
92 -29.6281796322 -141.3390230743
93 -60.9615344267 -140.3824241357
94 -67.4539965332 -139.9372713167
95 -324.2321135035 -139.8107946574
96 -358.1179156733 -140.6512762169
97 -206.1342950805 -142.2067878264
98 -170.3877698569 -142.3622684756
99 -420.8626189905 -142.8830392288
100 -624.7587299045 -145.4423951937
101 -97.6892657464 -146.0548646652
102 -285.6018399892 -146.6487184135
103 -290.7170959143 -147.8841880907
104 -277.1876382404 -148.4543763382
105 -182.3955967251 -147.7457946617
106 -282.2178934116 -148.8764710575
107 -86.8092754749 -148.7517934762
108 61.1391755032 -148.0040507263
109 -178.1553208215 -147.1494365825
110 -197.4144612552 -147.5516162879
111 -141.5909251885 -146.5508894534
112 -147.8280920477 -145.8733459620
113 -163.5528450089 -145.6107966342
114 45.2129460937 -145.6401132443
115 -240.4497842835 -145.5979167885
116 -219.0178841966 -145.7858715083
117 -246.6184969780 -146.6505362507
118 -191.6537556608 -147.1251754713
119 -172.7339164769 -146.9785812883
120 -149.5314017454 -146.8106999571
121 270.9926836110 -146.9954057109
122 -148.7706998537 -147.4336671920
123 -120.1452115231 -147.3651605379
124 -130.2500583231 -146.7346401447
125 -126.9482394837 -146.6612428696
126 -125.9161473173 -146.4784849590
127 -318.9533427230 -146.6980304804
128 -175.2387853455 -147.7673211546
129 -82.5587992607 -147.7051983711
130 -125.1565003946 -148.0983505954
131 -67.1849485376 -147.7496579478
132 50.3119086625 -146.4062591724
133 -285.8274517847 -146.1323000430
134 -213.9657498616 -146.8321545005
135 -542.5695674857 -147.3671970433
136 -275.8132826226 -148.6325353860
137 -435.4997844779 -150.1086285669
138 -323.2472797706 -151.8416730600
139 -297.6840135576 -152.8640405672
140 -55.3434951503 -152.7301836502
141 -305.0403878080 -152.8943655093
142 -246.1699252830 -153.4873970656
143 -318.6924729683 -154.2012775527
144 -201.8745142953 -154.8369799687
145 -128.1052588100 -154.7698120808
146 -194.4160016762 -154.7150693591
147 -186.9216262331 -155.0081822302
148 -69.5148486812 -154.9369656574
149 -46.6672921346 -154.7221928766
150 -72.1397952309 -154.1787832004
151 -84.3659553480 -153.8905754697
152 -151.0282480587 -154.0426883641
153 -68.6345938731 -153.5652980557
154 -134.7465705520 -153.4690111012
155 -53.7995609619 -152.9380533420
156 -49.8156562886 -152.3473182194
157 -39.9989096737 -151.6819030443
158 -116.7808300859 -151.3212294121
159 -43.9562240215 -150.9650494161
160 -51.5057164340 -150.3134110116
161 -199.1873834516 -150.1602597605
162 -27.8870883434 -149.8821107586
163 -50.3155272717 -149.4714122535
164 -46.1045042611 -148.8638475261
165 -181.7546118617 -148.6800056689
166 -194.2446654726 -148.7389812635
167 -191.1647160481 -149.1073399570
168 -48.5323488648 -149.3431078503
169 -154.9318304230 -148.7061974522
170 -37.4366604445 -148.4210450089
171 -159.5592090465 -147.6417340966
172 -39.0645336710 -147.2435206354
173 -200.6221587011 -146.7762218167
174 -49.6749340270 -146.7269919370
175 -55.7661285755 -146.1601659571
176 -94.5919996407 -145.8253426690
177 -45.3568482219 -145.5721887440
178 -160.8834290635 -145.7410364719
179 -78.4840612645 -145.3752320514
180 -202.9922984644 -145.4376829650
181 -436.6197025241 -146.0947797960
182 -222.1602801515 -146.4530762025
183 -184.8134043952 -146.3757740527
184 -311.1116497488 -146.8086757104
185 -261.6541454487 -147.0388804867
186 -191.9900916430 -147.8896274192
187 -200.7859957888 -148.1717875795
188 -80.1787326632 -147.9804062610
189 -32.0825513130 -147.5289281076
190 -40.9349747652 -146.9530342340
191 -92.1193396877 -146.7485122929
192 -122.6353167237 -146.4651061404
193 -43.1847726287 -146.0673152813
194 -193.9072342132 -146.2053762835
195 -90.9152580433 -146.1266735088
196 -225.9530765722 -146.2218135530
197 -214.8173060385 -146.3086471785
198 -170.6517315674 -146.9700062718
199 -247.2821554214 -147.3383984704
200 -213.3565380148 -147.8672520621
201 -240.5062539362 -148.4815088569
202 -333.9461174749 -149.0575065308
203 -181.4392513280 -149.2918207098
204 -56.0611129621 -149.0510414949
205 -127.3914688319 -148.5600666606
206 -163.9952901809 -148.4113831491
207 -103.1955317210 -148.6822279872
208 -255.1282971346 -148.7126933862
209 -214.6225161046 -149.0420819988
210 -145.3831764029 -149.2786608692
211 -178.4101160750 -149.8192274780
212 -83.8201004914 -149.9467080448
213 -93.8426263158 -149.9508347543
214 -94.5667405634 -149.8976729116
215 -195.5788625429 -150.0478691555
216 -13.4676978193 -150.1297554989
217 -37.6190978185 -149.9784683910
218 -89.7762711584 -149.5806043089
219 -31.4787045283 -149.3730599512
220 -277.9231134715 -149.1024990469
221 -41.6809506361 -148.9418777405
222 -91.4382335767 -148.5716085542
223 -124.8023102480 -148.4373242523
224 -27.6727114019 -147.9409844267
225 -93.1700670887 -147.6203044168
226 -314.2135545097 -146.5619388315
227 -260.2637010350 -146.9630820002
228 -354.6741374278 -147.5871108303
229 -146.9300459987 -148.0453474825
230 -34.2914631918 -147.3238693991
231 -64.0103032169 -146.8943794562
232 -55.1239290339 -146.6604786030
233 -203.6351215447 -146.5684571800
234 -190.5430804236 -146.7933822452
235 -87.2011348834 -146.8624903685
236 -131.4800384032 -146.8773599622
237 -58.4494201222 -146.4887251834
238 -158.3040455959 -146.4038430561
239 -125.2744817853 -146.5935027057
240 -140.0669138454 -146.5278525730
241 -175.4660674884 -146.3911255979
242 -52.4510002910 -146.1134017090
243 -209.0969904938 -146.2948430075
244 -132.0019655965 -146.0966066955
245 -332.9315576989 -146.2978727540
246 -153.8931671803 -146.6666400826
247 -256.5544555827 -147.0651539811
248 -289.5734490765 -147.9138905524
249 -303.1916945924 -148.2760500272
250 -343.1067718709 -148.4684812545
251 -374.9477081549 -148.4836720718
252 -377.5620892848 -149.1438894647
253 300.9016089637 -149.2571897230
254 -99.5026528988 -149.5552793770
255 -172.7575139629 -149.7712680374
256 -199.3015427109 -149.6347371486
257 -277.7798853117 -149.7175484760
258 -58.9554373359 -149.5447031678
259 -223.9425074291 -149.5203529027
260 -25.5554602919 -149.1607302887
261 -27.7631069518 -148.8873483670
262 -48.2779255652 -148.7445715425
263 -46.7256608224 -148.6098382214
264 -53.3832435645 -148.3005389927
265 -16.5630853939 -147.8224382157
266 -70.8509708397 -147.3754393137
267 -141.9656989277 -147.4362305646
268 -208.9563501019 -147.8130521227
269 -246.7250642472 -147.9603230751
270 -383.8683563157 -148.2535989699
271 -284.4570547502 -148.6281730972
272 -245.0891324980 -149.0036898918
273 -213.2749929825 -149.2525933604
274 -319.0072724317 -149.3987079500
275 -244.8190511749 -149.7556061720
276 -160.1852928600 -149.9808767915
277 -246.4904387473 -150.1021353807
278 -89.5167423070 -150.1240242896
279 -327.0216201954 -150.4159636208
280 -209.9224858015 -150.6718831616
281 -161.3163302547 -150.7070648755
282 -180.5351805628 -150.6954451901
283 -46.0339100383 -150.4723934682
284 -59.6437937203 -150.1801392974
285 -64.2477006814 -150.1047385291
286 -114.5367434069 -149.9938283823
287 -276.0712268849 -150.1418653387
288 -42.9254738112 -149.9276750212
289 -163.6746974345 -149.8754581754
290 -223.2604892572 -150.1183112114
291 551.6372522394 -150.5103304823
292 -135.4340441076 -150.5167279050
293 -348.8598491699 -150.8068867394
294 -254.4880907299 -150.9074841385
295 -464.4421882092 -151.5144185414
296 -301.7647302662 -152.0060191106
297 -250.3386854219 -152.7142376142
298 -278.4612525056 -152.9779971970
299 -132.1076272398 -153.5477212828
300 -96.9108154151 -153.4868182038
301 -155.1907799316 -153.5864928097
302 -100.6550131461 -153.6290734860
303 -218.9552528554 -153.5034171605
304 -134.8896540633 -153.4598412155
305 -140.8978363257 -153.2100804681
306 -77.2489076650 -153.0012160441
307 -36.6303632472 -152.8312110082
308 -70.0574445186 -152.6810699059
309 -47.7509825375 -152.4656089661
310 -155.2477238223 -152.1243245052
311 -43.5420851970 -151.7422254587
312 -248.0170070731 -151.5638167410
313 -217.6731912985 -151.6663147219
314 -119.4199498116 -151.4316912067
315 -22.7077930083 -151.1777833984
316 -54.2479508612 -150.8246624705
317 -184.8345520466 -150.7245020004
318 -24.9976605838 -150.5923226931
319 -170.8625179186 -150.3694925776
320 -51.2937813353 -150.0820448790
321 -19.4503469047 -149.7207002264
322 -130.0977383145 -149.3714441556
323 -53.5236245385 -149.1511895214
324 -57.6504471903 -148.8054734487
325 -29.3529830800 -148.4536417883
326 -26.1334161791 -148.0632013108
327 -32.2556637797 -147.6994729436
328 -254.2336002721 -147.6828163124
329 -166.7647946303 -147.7764552304
330 -143.2779626854 -147.7331546417
331 -252.4501263483 -147.7742074547
332 -207.7745762658 -148.0639183981
333 -58.4892287888 -147.8977666008
334 -128.3952168774 -147.6865746965
335 -296.8801333487 -147.7842816268
336 -383.4493359693 -148.3569166596
337 -222.7916636489 -148.7337312243
338 -77.8934077066 -148.9287648947
339 -31.8254066032 -148.5868315575
340 -52.7769414331 -148.2185430885
341 -139.1598431667 -148.2125207120
342 -189.1873139302 -148.1133450987
343 -136.4616382906 -148.1839523805
344 -111.8183733576 -148.0988356282
345 -198.0647124024 -148.1783224888
346 -86.5291177519 -148.2287956880
347 -49.8759835075 -148.2837104571
348 -18.6591699181 -148.0141845703
349 -48.0648707567 -147.6995595612
350 -88.1744887489 -147.7106456976
351 -107.6815234276 -147.7658591435
352 -26.1013801727 -147.3617032641
353 -104.9456040284 -147.0938437916
354 -97.1376910981 -146.8573815765
355 -44.7888572406 -146.6437168122
356 -182.8591974767 -146.6577916597
357 -133.2471362316 -146.6780769490
358 -36.1557700035 -146.4690752779
359 -193.1234346114 -146.3352268088
360 -167.9245890230 -146.3831103900
361 -309.0379219716 -146.3129138475
362 -369.1128231858 -146.8773240925
363 -185.2235270230 -147.8078728754
364 -409.8625409123 -148.5642493433
365 -26.8617165165 -149.1123504750
366 382.7319442533 -149.2510513033
367 -20.6676056797 -149.0080222837
368 -95.8820691106 -148.7162981225
369 -186.7926326982 -148.6680327030
370 -281.4481218088 -148.5839628567
371 399.0369072493 -148.5020793788
372 -287.3991209922 -148.6641571220
373 -261.0124318577 -148.9350107285
374 -273.3626433424 -149.3170232105
375 -188.4916364111 -149.3322928613
376 -122.6222568077 -149.3641169385
377 -272.3756571172 -149.3673558418
378 -474.5843751200 -150.1729759648
379 -263.4783722395 -150.6769788807
380 -394.4491999535 -151.1628673074
381 -285.0805902184 -151.9121216617
382 -124.8430260551 -152.1510096135
383 -100.7828448919 -151.9764797262
384 -188.2626174820 -151.8624451014
385 -172.9923786329 -151.6505137608
386 -128.0064596906 -151.6291160796
387 -234.5118360825 -151.6026283226
388 -386.1946874660 -151.9355595070
389 -299.2150055838 -152.2992182818
390 -635.1933295851 -153.1072215029
391 -581.1783796177 -153.8764361967
392 -57.5737761710 -153.8967312523
393 -259.4481898004 -153.8967587345
394 -300.2761422354 -154.0917561642
395 -338.4165852145 -154.5997307807
396 -282.8499424948 -154.9222836522
397 -294.5185384846 -155.1991626275
398 -92.6261920495 -155.4328305934
399 -279.5570619159 -155.5833889958
400 -348.2930035606 -156.1270009844
401 -378.2674245410 -156.5201100130
402 -215.6430425418 -156.6321731604
403 -133.8051654908 -156.5957725305
404 -313.3538826192 -156.6232915097
405 -391.6531217259 -156.8092460411
406 -316.9110676429 -157.1335560576
407 -65.9851282238 -157.3158283721
408 -129.6838052485 -157.2659350022
409 -146.6071384271 -157.3116005193
410 -157.6451035109 -157.2096322981
411 -42.6373206693 -156.9696084299
412 -163.1628851630 -156.9021193773
413 -145.2626145352 -156.7621580137
414 -96.4567485787 -156.7427497828
415 -227.7670847299 -156.6622632393
416 -185.9509782363 -156.6425731845
417 -181.9290390251 -156.5678337624
418 -216.2608239689 -156.5837885669
419 -202.1639277221 -156.4615705431
420 -216.6563987401 -156.4739137297
421 -103.6323269794 -156.3743297816
422 -113.2603932983 -156.3429199435
423 -198.6145855849 -156.4853103434
424 -126.2309509304 -156.5302026031
425 -135.7964231347 -156.4267230130
426 -189.1980555285 -156.3942837844
427 -132.0193423747 -156.1776689424
428 -74.9535793376 -155.9604051181
429 -100.1159336254 -155.7977387403
430 -82.0915435824 -155.6716308194
431 -127.5188062990 -155.4045282811
432 228.1404020863 -155.3878096351
433 -113.0410314551 -155.4365906301
434 -140.4784277501 -155.3829857817
435 -72.6744147978 -155.2721760378
436 -38.6771359147 -155.0535709075
437 -234.9987630902 -154.9112739873
438 -155.1505711206 -154.8180473254
439 -64.1666962104 -154.6401240556
440 -70.0906592208 -154.4471003407
441 -123.5894493514 -154.3477563091
442 -22.7212880882 -154.1806572562
443 -85.6641732323 -154.0183994098
444 -18.7215835627 -153.8598556054
445 -20.4351976353 -153.5481525059
446 -30.1839370924 -153.2667974162
447 -134.5406738626 -153.0870516704
448 -159.5875865389 -152.9466513173
449 -66.2839956135 -152.7347668272
450 -195.5266797972 -152.7362197065
451 -103.2707015507 -152.5134120775
452 -171.0256939573 -152.5371104818
453 -58.5152275767 -152.4107412362
454 -265.8621831121 -152.5461270417
455 -185.1395157450 -152.5505922205
456 -51.8764126503 -152.4429561808
457 -30.9229089644 -152.2948097772
458 -151.8742758590 -152.1667057918
459 -133.2616237470 -152.1369011657
460 -10.7292717104 -151.9055052588
461 -25.1670450646 -151.6111671333
462 -8.4898551892 -151.3174387981
463 -29.5064748666 -151.0361998801
464 -49.9502424754 -150.8510971073
465 -238.8365704757 -150.8383881419
466 -168.7564597446 -150.9563371936
467 -37.6529681472 -151.0010581934
468 -82.9704576801 -150.9447471910
469 -183.4286368826 -150.9949142516
470 -89.1773686345 -150.9989566070
471 -90.0902729049 -150.8816826569
472 -233.0414443900 -150.9828691813
473 -97.6128590777 -150.9475043424
474 -125.3706470895 -150.9769347629
475 -195.0017572463 -151.0272104939
476 -257.4806635857 -151.0709254715
477 -172.6999972278 -151.2120673954
478 -408.5924596829 -151.1817863960
479 -177.0519962045 -151.3464418381
480 -113.8144050929 -151.2216167800
481 -121.5026969056 -151.1714333490
482 -52.8175599978 -151.0866703627
483 -40.8557721325 -150.8844741094
484 -48.7279529400 -150.6377628221
485 -171.9817401410 -150.6715360207
486 -215.5832655905 -150.8092901309
487 -157.3174373790 -150.9058604592
488 -26.9349654211 -150.6957356180
489 2.8836127192 -150.5335265910
490 -96.8542433814 -150.5136623255
491 -232.9867000109 -150.4143936045
492 -87.4283777548 -150.4148171458
493 -76.0212049746 -150.2152336167
494 -67.1381239831 -150.0715272605
495 -30.9170062680 -149.8407361580
496 -29.7383685244 -149.5920834355
497 -20.0566355514 -149.3701285328
498 -23.4455719328 -149.1311328219
499 -26.1587358910 -148.8609917672
500 -143.4997556937 -148.7250041439
501 -158.1413153080 -148.7699705442
502 -127.6501317516 -148.8073839690
503 -270.9551281687 -148.7725447546
504 -172.6870538109 -148.7583056129
505 -80.9446272284 -148.7536002678
506 -192.2682034441 -148.7461274395
507 -117.7114872950 -148.6913373414
508 -260.2610119367 -148.7970036148
509 -258.4612712108 -148.7875982969
510 -187.2102745062 -148.7553095650
511 -224.1760056447 -148.7727246463
512 -260.5815307015 -148.8076317208
513 -289.6800543808 -149.0083304837
514 -43.9992803719 -148.9636951171
515 -221.2139388792 -148.9267779505
516 -33.8386908029 -148.7772738028
517 -205.6521550445 -148.7237227798
518 -133.6649573535 -148.6477826285
519 -157.2667155641 -148.6315547952
520 -53.2190947180 -148.5748717754
521 -61.2094979408 -148.3816859986
522 -54.3577684173 -148.2179436016
523 -81.6228034388 -148.1296479784
524 -80.0214282808 -148.0210928902
525 -191.1985188402 -147.9717306595
526 -153.1315746931 -147.9037755937
527 -351.4827808751 -147.9709422631
528 -187.4438120541 -148.0851909504
529 -321.6823127000 -148.3804617740
530 -230.9534651699 -148.7019364167
531 -418.6600884400 -148.8724518517
532 -188.9050115639 -149.0907398642
533 -386.3280076542 -149.3273835342
534 -379.3824059919 -150.0001074739
535 -531.8382952781 -150.4426819481
536 -390.5273385024 -151.1795077121
537 -222.7108856137 -151.2088598032
538 -522.6890963095 -151.6775651135
539 -326.3302925915 -152.0825817002
540 -381.4899381882 -152.2996700983
541 -297.5921300717 -152.5092504961
542 -185.8263749686 -152.6176017160
543 -180.6001715530 -152.6227125238
544 -182.5110494772 -152.6841297289
545 -194.2365544032 -152.7052146912
546 -48.7794521245 -152.5420153137
547 -58.1262962735 -152.3993628201
548 -89.4614417707 -152.2483390172
549 -110.1900610723 -152.1832004898
550 -187.4488638445 -152.1500305377
551 -99.3847939634 -152.1571088531
552 -192.8975502864 -152.0807867335
553 -227.8746015506 -152.1731520439
554 -266.2955155684 -152.3508189243
555 -150.2641474393 -152.3513646506
556 -29.7491248082 -152.1657119054
557 -254.0080576106 -152.1961640720
558 -110.9934421264 -152.2448396487
559 -135.2190101917 -152.1845568766
560 -125.1198134786 -152.2115672497
561 -182.1205423108 -152.1867408405
562 -331.3500929370 -152.2823401336
563 -217.8935380492 -152.7038518835
564 -574.8895390036 -152.9685133975
565 94.1105514505 -153.3880709586
566 -312.4557399313 -153.5735973882
567 -120.7646889235 -153.6325026679
568 -240.8464714029 -153.6772450458
569 -193.6718339127 -153.7327381379
570 -97.1512416236 -153.6424143654
571 -53.3351646893 -153.4733186956
572 -67.1602246259 -153.3424131001
573 -149.2709387782 -153.2780812017
574 -285.5776524264 -153.4367185106
575 -286.3687833683 -153.5159415278
576 -313.8337889447 -153.7176588658
577 -320.1702658959 -153.9020080640
578 -198.8322373851 -154.0404550927
579 -159.3840555830 -154.2170583845
580 -226.3146248123 -154.2551072151
581 -250.1460894169 -154.2757703380
582 -97.9359475120 -154.3024314841
583 -40.3678669999 -154.2010081353
584 -99.3576973122 -154.0896594711
585 -175.4793511430 -154.0442879968
586 -124.3779930563 -154.1999057756
587 -117.0958517125 -154.1628562368
588 -57.2235606620 -154.1303336725
589 -247.2012890728 -154.0267695517
590 -119.5319163911 -154.0049303064
591 -68.6794611120 -153.8825285207
592 -63.9010603094 -153.7716898411
593 -48.8588485192 -153.7011913252
594 -66.1971336479 -153.5300523211
595 -91.9773564397 -153.3869126707
596 -95.6759414696 -153.3150561630
597 -179.6652909855 -153.1923307602
598 -114.1278305835 -153.1867489914
599 -176.4484169673 -153.1604252083
600 -208.9822348626 -153.2437960172
601 -95.6763816855 -153.3475554402
602 -68.8941551472 -153.2265252346
603 -242.8021687963 -153.2382343472
604 -233.4438663903 -153.2225357605
605 -215.7660062476 -153.2973053670
606 -52.2866648822 -153.2332499760
607 -140.8072619378 -153.1269271630
608 -184.2391589450 -153.0471385192
609 -61.4011260582 -152.9004910598
610 -97.7846553076 -152.7177279639
611 -129.3455552582 -152.6445891563
612 -282.2189284815 -152.6621230351
613 -152.5647821660 -152.7853097122
614 -182.8049726160 -152.7215051903
615 -128.9011433169 -152.6213074705
616 -50.3894998160 -152.5449054330
617 -67.8326337400 -152.4360849924
618 -199.7964290148 -152.4022396770
619 -45.0448702485 -152.4070948816
620 -16.1170601103 -152.2205318820
621 -70.9478044770 -152.0170510890
622 -245.6338007271 -152.0345870983
623 -200.3794905239 -152.1596124574
624 -251.8368509173 -152.3370264843
625 -234.7640449733 -152.4409515536
626 -117.4507945419 -152.4142070850
627 -111.1727651665 -152.4978607881
628 -68.6108384508 -152.4308903685
629 -233.2721187555 -152.4215625027
630 -400.3237112403 -152.5383902629
631 -299.9608271059 -152.7960164684
632 -504.7857317550 -153.0721895890
633 -260.3734788052 -153.2448024276
634 -294.5957292479 -153.4074742868
635 -73.4563323887 -153.5812142291
636 -68.2058922869 -153.4909504329
637 -184.1675366143 -153.4069393670
638 -216.3320878926 -153.5120913133
639 -60.6237502311 -153.4640231376
640 -175.7925587038 -153.3864074587
641 -305.6710043262 -153.4382826149
642 -109.0085557668 -153.5677667749
643 -173.5530749055 -153.5570117173
644 -289.2271121084 -153.5659665442
645 -128.9703823837 -153.7022288236
646 -116.4045323119 -153.7056406156
647 -98.0895038049 -153.5887978179
648 -51.9889570849 -153.4880105673
649 -185.1671870314 -153.4185584240
650 -146.3302159588 -153.3221068014
651 -126.4236512114 -153.2454071316
652 -30.8735570773 -153.1524690029
653 -20.6804826147 -152.9768440582
654 -20.9653113618 -152.7714870431
655 -227.3860784641 -152.7176234089
656 -337.6210529118 -152.7622176210
657 -270.1571354345 -152.9695340021
658 -101.1267891593 -153.0712971478
659 -89.3160161470 -153.0383411051
660 -128.2081328753 -153.0479880591
661 -80.9763404632 -152.9747184229
662 -162.5842756767 -152.8874996798
663 -92.0275555918 -152.8808694875
664 -123.8483668004 -152.8614174264
665 -202.3409623521 -152.8607652518
666 -113.8668901639 -152.9331694586
667 -185.4182860727 -152.9475974091
668 -80.9028292897 -152.9024637952
669 -225.5711377765 -152.8594174646
670 -60.0092480792 -152.8567887776
671 -183.8431716422 -152.8293671037
672 -42.5964450707 -152.6979559347
673 -31.7957771835 -152.5674054483
674 -69.5237137768 -152.4260273385
675 -233.2669072889 -152.4119476175
676 -359.8120715993 -152.5426630993
677 -173.6584959878 -152.6602564610
678 -167.1742490367 -152.6661042050
679 -186.7031764562 -152.8015185805
680 -221.9762318960 -152.8125765600
681 -366.2326017245 -153.0728307826
682 -213.1580333899 -153.1851351088
683 -181.8037256179 -153.1682102531
684 -130.2446830611 -153.1275907179
685 -124.7231331506 -153.0625789653
686 -397.6326803350 -153.2752491234
687 -402.9644323341 -153.3878847952
688 -436.1915875301 -153.7355653809
689 -85.2626703220 -153.8778760523
690 -168.7352691211 -153.8098419557
691 78.6827572572 -153.8628669751
692 -239.0278849067 -154.0065910662
693 -94.2370239799 -154.0526447941
694 -187.6196132962 -154.0667242270
695 -341.1702592390 -154.1390161469
696 -200.2118712607 -154.2570543957
697 -108.1618492173 -154.2549183331
698 -48.7790586849 -154.1130173326
699 -43.1112519587 -153.9602897456
700 -133.7884592285 -153.9513851663
701 -294.4044423619 -153.9730487995
702 -280.4584854142 -153.9567545967
703 -270.9374860447 -154.0686649340
704 -48.1130675716 -154.0736044229
705 -129.7802379723 -153.9298776835
706 -45.0666833573 -153.8416733785
707 -224.9257876826 -153.8244514498
708 -233.3470490468 -153.8755857533
709 -37.8371161634 -153.7606838606
710 -135.9640768169 -153.6726894691
711 -269.6700326761 -153.7259922596
712 -172.8166658479 -153.8150919739
713 -170.2798449386 -153.8639985902
714 -309.7232256017 -153.8413259458
715 -207.3314030973 -153.9357056535
716 -46.1288105850 -153.8652231378
717 -89.2194232798 -153.7912373199
718 -40.2666852561 -153.7034006467
719 -251.2354626300 -153.6315716176
720 -88.6855577706 -153.5717511544
721 -138.3845899773 -153.5575889473
722 -90.9821031875 -153.4877884985
723 -172.3880777359 -153.4230981580
724 -69.9438742665 -153.3390892319
725 -158.9672783020 -153.3294434280
726 -177.0204401513 -153.4165301382
727 -161.0275126484 -153.5073814635
728 -108.0445244425 -153.5845066758
729 -125.8097378184 -153.6632714723
730 -100.6870666426 -153.5953282242
731 -146.0388756409 -153.5722099909
732 -259.3284597890 -153.5786983689
733 -158.7628022731 -153.6739951335
734 -234.5924998580 -153.7470662508
735 -48.2359147429 -153.7630803164
736 -141.3844819902 -153.7120342198
737 -141.0609143520 -153.7157934513
738 -142.6061692683 -153.7450082981
739 -127.5609882624 -153.6813018456
740 -160.6742291253 -153.5574998424
741 -163.6064210776 -153.5684541782
742 -275.7662741315 -153.5541704080
743 -378.7957698797 -153.7567229864
744 -213.7481062792 -153.9796807162
745 -294.7189864987 -154.0628269266
746 -158.3534240808 -154.0493926939
747 -162.4623315772 -154.0069295698
748 -179.7320458645 -153.9779970632
749 -219.4825802702 -153.9421868633
750 -69.5054979140 -153.8971196089
751 -192.8596812897 -153.8573534200
752 -169.4365093621 -153.7492259302
753 -108.9193689144 -153.6638302818
754 -128.6508913828 -153.6387603315
755 -132.8940698085 -153.5474156263
756 -36.8935060053 -153.4594905510
757 -16.2350702960 -153.3148490489
758 -10.4032498027 -153.1371015512
759 -39.2090414002 -152.9569611377
760 -136.5677271955 -152.8013595216
761 -114.0081040311 -152.7355728722
762 -58.0913604338 -152.6986694448
763 -168.1291466185 -152.6981663962
764 -74.0771858817 -152.7186927047
765 -280.2659543892 -152.7346691596
766 -283.0672589140 -152.9575096794
767 -227.2302680514 -152.9932641035
768 -116.0058958338 -153.1426988833
769 -56.5085449074 -153.0711192638
770 -146.9241676870 -153.0129173178
771 -38.2734658408 -152.8908976324
772 -194.5214680336 -152.8250799406
773 -52.4719952712 -152.7674820172
774 -194.6315010726 -152.7182031674
775 -166.5893214447 -152.7043694030
776 -299.2956554208 -152.6750798975
777 -101.9421995356 -152.5787371246
778 -80.9978657060 -152.5192738270
779 -280.0686669288 -152.4902655750
780 -160.6357905783 -152.5303307068
781 -117.6151575429 -152.4691806480
782 -209.3536588886 -152.4691947992
783 -122.7470217738 -152.5096333087
784 -55.8070098652 -152.3902120811
785 -82.3500475679 -152.3232031847
786 -146.3272623824 -152.2273545371
787 -47.5412112503 -152.1410354077
788 -57.0688775382 -151.9930529802
789 -122.2593163904 -151.9031412890
790 -29.4449571483 -151.8281688536
791 -202.1528484781 -151.7512625590
792 -123.5223011681 -151.7401100205
793 -133.4200213668 -151.7064404403
794 -39.5749192011 -151.6818331800
795 -91.8583714799 -151.6149704266
796 -63.3941425902 -151.5347838319
797 86.3310053158 -151.5087624325
798 -56.6686808662 -151.5603654633
799 -73.2002161836 -151.6595850506
800 -210.0866112242 -151.6068316288
801 -426.5144629313 -151.7037913705
802 -67.5256334242 -151.6630969164
803 -76.1023028765 -151.5878049234
804 -73.7026986095 -151.4733063455
805 -82.5970585631 -151.3680192375
806 -198.4463950345 -151.3603847855
807 -277.0594237363 -151.4218786916
808 -214.6459796266 -151.4914199724
809 -172.1575657311 -151.5356480625
810 -117.3360434341 -151.5310075185
811 -29.6800822825 -151.3910289511
812 -129.9752375814 -151.2707798362
813 -232.1911772879 -151.3428166078
814 -30.4602690704 -151.3230193770
815 -20.2082169249 -151.1734445864
816 -87.0465424261 -151.0349216374
817 -39.0364766946 -150.9352020127
818 -153.2523605620 -150.8383551159
819 -27.9875398553 -150.7987481624
820 -125.4598653737 -150.7481973448
821 -164.5133289204 -150.6787010906
822 -306.9806567133 -150.7171790361
823 -69.2362256712 -150.7195268291
824 -181.7525505780 -150.7010391702
825 -37.3854313967 -150.5620446093
826 -53.2857979001 -150.4495171765
827 -51.8085775247 -150.3529649471
828 -177.3258817454 -150.2803546923
829 -279.3155264559 -150.4004611237
830 -195.0215495622 -150.4533711419
831 -213.0843073127 -150.4306057152
832 -189.3713200471 -150.4893140319
833 -137.2734508239 -150.4887466721
834 -191.9187798866 -150.3944006858
835 -138.8948646485 -150.5467211996
836 -112.5646439474 -150.5196122243
837 -28.4961282963 -150.3993189488
838 -83.4896059191 -150.2950264505
839 -50.6065135266 -150.2045749040
840 -115.5589683321 -150.0859981344
841 -124.7571265185 -150.1593444449
842 -66.0330904187 -150.0613320525
843 -29.3013635008 -149.9306047090
844 -22.9370543113 -149.7964389138
845 -42.5464915576 -149.6506432150
846 -87.4985992063 -149.5603152349
847 -49.4640086177 -149.4471427800
848 -83.3043607252 -149.3579932824
849 -117.2587503631 -149.3130157014
850 -325.8556822072 -149.3381741464
851 212.2847081451 -149.4818900124
852 -228.8386264986 -149.6108887058
853 -302.5405461533 -149.8263829857
854 -186.5979202911 -149.9028685545
855 -51.1880617858 -149.8103466584
856 -123.2713815551 -149.6919107208
857 -288.6316343051 -149.6765183515
858 -158.9478417566 -149.6707284640
859 -125.8566997875 -149.7285511907
860 -65.4242916023 -149.8109392576
861 -293.3759736398 -149.7595655388
862 -196.1199472578 -149.8736748032
863 -316.2251939362 -149.9231071514
864 26.7081562266 -150.0717410129
865 -382.5793141843 -150.2942894578
866 -325.1347007544 -150.5026154407
867 -73.9417495631 -150.5638089059
868 -161.6388040400 -150.5485632872
869 -235.0442896760 -150.5591661538
870 -99.2084533304 -150.5258559049
871 -70.3565527766 -150.4674743586
872 126.1948599756 -150.3086554573
873 -28.7668042680 -150.2944497057
874 -43.6124929007 -150.2265945905
875 -26.6865779546 -150.1036243822
876 -81.6718924105 -150.0339569830
877 -158.4443586203 -149.9848643671
878 -111.4442469719 -149.9376456375
879 -85.4324641737 -149.9234819240
880 -297.5898781207 -149.9637625924
881 -235.6603186562 -150.0693073355
882 -94.3586634831 -150.0407464301
883 -35.6346718570 -149.9434826520
884 -41.8137843285 -149.8586888970
885 -13.8220367256 -149.7404650674
886 -106.8941379694 -149.6424632649
887 -323.9967632534 -149.7024024590
888 -417.5638313477 -149.8040933756
889 -261.1902058074 -150.0992153339
890 -176.0445177547 -150.1879944847
891 109.3420727835 -150.1785147272
892 -252.1883099217 -150.3262192517
893 -315.4773953109 -150.4762782378
894 -63.4453567471 -150.4227325904
895 -149.8880562320 -150.3793420300
896 -149.3644452583 -150.4807867505
897 -78.3361208532 -150.5065768874
898 -164.8735923227 -150.5590597791
899 -433.0613949264 -150.6647763671
900 -160.0807094622 -150.7840597552
901 -196.6552357985 -150.7672093780
902 -121.7434468438 -150.6668217292
903 -341.0209360088 -150.7254219302
904 -229.3272843529 -150.7358918040
905 -248.2077389768 -150.8216237414
906 -261.6974599877 -150.8973594157
907 -92.3924155359 -150.8811543225
908 -397.6117054443 -150.9292447499
909 -328.3343732230 -151.2047087117
910 -423.0008847937 -151.4998603391
911 -132.8228664408 -151.5506666743
912 -30.9050352905 -151.5497958140
913 -80.0183960105 -151.4408895810
914 -94.9586022482 -151.3891220488
915 -147.8341702027 -151.3737212968
916 -63.6321236435 -151.3106142343
917 -65.7803164580 -151.2190444883
918 -204.8833007371 -151.1857989392
919 -41.9868735501 -151.1518085356
920 -61.6340957278 -151.0324982071
921 -182.7056717361 -150.9973965746
922 -127.1770808384 -151.0217182071
923 -30.1176728930 -150.9260756459
924 -130.6374928589 -150.8492152769
925 -51.3101019574 -150.7439134907
926 -42.3715560144 -150.6654097893
927 -48.7593886586 -150.5707783822
928 -84.3680845278 -150.4748723572
929 -94.5997404450 -150.4095917441
930 -74.2902905731 -150.3381504541
931 -120.6050384633 -150.3045787508
932 -189.0455070694 -150.3032682427
933 -650.1092767283 -150.3089197437
934 -767.9776253538 -150.6427803346
935 -473.7759797603 -151.0848574142
936 -87.4676334856 -151.3879984407
937 -112.2994012569 -151.5271354747
938 -192.8965174977 -151.5267983477
939 -123.2346162784 -151.5242377600
940 -144.8490191480 -151.5338662298
941 -264.7690315813 -151.5751814660
942 -202.5857938315 -151.5722311200
943 -192.0400776917 -151.5529712961
944 -128.0913148811 -151.5559413432
945 -23.6658487114 -151.4675278527
946 -177.4139793200 -151.4035010680
947 -164.3231296873 -151.4640474131
948 -314.3640671821 -151.5924120658
949 -50.6984456946 -151.5944050795
950 -139.9469140480 -151.5449626822
951 -45.7830376232 -151.4616012842
952 -65.7494104000 -151.3564010946
953 -104.9827714723 -151.2520266485
954 -180.3599849912 -151.2868174864
955 -132.1975912164 -151.2771364287
956 -118.1395055972 -151.2792705860
957 -115.6560177201 -151.2453294936
958 -42.6659298097 -151.1879606803
959 -61.9672609203 -151.0880990473
960 -54.3364199132 -151.0401351021
961 -36.8264365438 -150.9470990062
962 -79.4686377806 -150.8429519528
963 -183.3819721162 -150.7939525185
964 -71.6011830460 -150.7518799022
965 -286.7088379511 -150.7532816236
966 -102.8181240812 -150.8300723165
967 -186.0012611687 -150.8504546225
968 -159.8826728873 -150.8466221596
969 -325.5470538080 -150.8399689631
970 -171.8011159612 -150.9050234421
971 -290.1571519988 -150.9106970764
972 -69.7030085112 -150.9112935664
973 -154.6677588502 -150.8529102847
974 -178.2949771175 -150.8485945146
975 -81.0720576598 -150.8117312929
976 -208.0961293155 -150.7533021032
977 -226.2965051186 -150.7578822983
978 -102.3263170123 -150.7773851331
979 -40.4329059183 -150.7978417454
980 -126.4209879786 -151.0141941795
981 -332.1470279173 -151.3177715304
982 -293.2736166351 -151.6282781637
983 -231.5256082605 -151.7648144578
984 -256.1744705737 -151.8040443643
985 -52.0304022559 -151.7416137185
986 -26.2088045468 -151.6335921256
987 -32.7071959343 -151.5428993516
988 -32.5171076289 -151.4446070396
989 -153.9840107502 -151.3726921765
990 -29.5117933435 -151.3418130089
991 -49.3956650728 -151.2667811913
992 -57.2980477128 -151.1627143335
993 -18.1447556773 -151.0779680257
994 -56.6450821093 -150.9715613196
995 -48.4400720402 -150.8960292201
996 -24.6192218243 -150.8471761549
997 -56.7472733037 -150.7363262917
998 -81.8057804182 -150.6888214783
999 -158.2236074948 -150.5252572783
1000 -140.7986147521 -150.5612195579
