Curve Ar -  Ar
1.0 0.0
1.011 0.0
1.022 0.0
1.033 0.0
1.044 0.0
1.055 0.0
1.066 0.0
1.077 0.0
1.088 0.0
1.099 0.0
1.11 0.0
1.121 0.0
1.132 0.0
1.143 0.0
1.154 0.0
1.165 0.0
1.176 0.0
1.187 0.0
1.198 0.0
1.209 0.0
1.22 0.0
1.231 0.0
1.242 0.0
1.253 0.0
1.264 0.0
1.275 0.0
1.286 0.0
1.297 0.0
1.308 0.0
1.319 0.0
1.33 0.0
1.341 0.0
1.352 0.0
1.363 0.0
1.374 0.0
1.385 0.0
1.396 0.0
1.407 0.0
1.418 0.0
1.429 0.0
1.44 0.0
1.451 0.0
1.462 0.0
1.473 0.0
1.484 0.0
1.495 0.0
1.506 0.0
1.517 0.0
1.528 0.0
1.539 0.0
1.55 0.0
1.561 0.0
1.572 0.0
1.583 0.0
1.594 0.0
1.605 0.0
1.616 0.0
1.627 0.0
1.638 0.0
1.649 0.0
1.66 0.0
1.671 0.0
1.682 0.0
1.693 0.0
1.704 0.0
1.715 0.0
1.726 0.0
1.737 0.0
1.748 0.0
1.759 0.0
1.77 0.0
1.781 0.0
1.792 0.0
1.803 0.0
1.814 0.0
1.825 0.0
1.836 0.0
1.847 0.0
1.858 0.0
1.869 0.0
1.88 0.0
1.891 0.0
1.902 0.0
1.913 0.0
1.924 0.0
1.935 0.0
1.946 0.0
1.957 0.0
1.968 0.0
1.979 0.0
1.99 0.0
2.001 0.0
2.012 0.0
2.023 0.0
2.034 0.0
2.045 0.0
2.056 0.0
2.067 0.0
2.078 0.0
2.089 0.0
2.1 0.0
2.111 0.0
2.121999999999999 0.0
2.133 0.0
2.144 0.0
2.155 0.0
2.165999999999999 0.0
2.177 0.0
2.188 0.0
2.199 0.0
2.21 0.0
2.221 0.0
2.232 0.0
2.243 0.0
2.254 0.0
2.265 0.0
2.276 0.0
2.287 0.0
2.298 0.0
2.309 0.0
2.32 0.0
2.331 0.0
2.342 0.0
2.353 0.0
2.364 0.0
2.375 0.0
2.386 0.0
2.397 0.0
2.408 0.0
2.419 0.0
2.43 0.0
2.441 0.0
2.452 0.0
2.463 0.0
2.474 0.0
2.485 0.0
2.496 0.0
2.507 0.0
2.518 0.0
2.529 0.0
2.54 0.0
2.551 0.0
2.561999999999999 0.0
2.573 0.0
2.584 0.0
2.595 0.0
2.605999999999999 0.0
2.617 0.0
2.628 0.0
2.639 0.0
2.649999999999999 0.0
2.661 0.0
2.672 0.0
2.683 0.0
2.694 0.0
2.705 0.0
2.716 0.0
2.727 0.0
2.738 0.0
2.749 0.0
2.76 0.0
2.771 0.0
2.782 0.0
2.793 0.0
2.804 0.0
2.815 0.0
2.826 0.0
2.837 0.0
2.848 0.0
2.859 0.0
2.87 0.0
2.881 0.0
2.892 0.0
2.903 0.0
2.914 0.0
2.925 0.0
2.936 0.0
2.947 0.0
2.958 0.0
2.969 0.0
2.98 0.0
2.991 0.0
3.001999999999999 0.0
3.013 0.0
3.024 0.0
3.035 0.0
3.045999999999999 0.0
3.057 0.0
3.068 0.0
3.079 0.0
3.089999999999999 0.0
3.101 0.0
3.112 0.00125246701099376
3.123 0.006218451969478666
3.133999999999999 0.003705017122027261
3.145 0.009811293375216704
3.156 0.01583279139420838
3.167 0.008466433829540203
3.177999999999999 0.008408127055330812
3.189 0.02505126160701149
3.2 0.02487991817831492
3.211 0.0458906066660151
3.222 0.05025361526437531
3.233 0.06732503171320553
3.244 0.09915319879623917
3.255 0.1282613852387975
3.266 0.1285392687431372
3.277 0.1841765149476354
3.288 0.2177445847428127
3.299 0.2586677357581841
3.31 0.3056902555811308
3.321 0.3740926674690251
3.332 0.4262870288179199
3.343 0.528826376909424
3.354 0.6569879735515399
3.365 0.7341688598875382
3.376 0.7336671818387781
3.387 0.8463568277338336
3.398 0.941812112151323
3.409 1.074665796649745
3.42 1.268060673585042
3.431 1.316677546237103
3.441999999999999 1.383091384268267
3.453 1.495465137919705
3.464 1.617517954558876
3.475 1.742023708452904
3.485999999999999 1.955832628401984
3.497 2.012078143405374
3.508 2.131702023182094
3.519 2.283128429595022
3.529999999999999 2.440428796122872
3.541 2.477619644831797
3.552 2.517192094445959
3.563 2.73888742132527
3.573999999999999 2.81905202564535
3.585 3.048385333406199
3.596 2.974425888779554
3.607 3.068350359362059
3.617999999999999 3.162010654726617
3.629 3.228669853224692
3.64 3.242234530810976
3.651 3.325717970823604
3.661999999999999 3.309449731240546
3.673 3.351820041692268
3.684 3.44820509346479
3.695 3.397526064201126
3.706 3.343849068914983
3.717 3.448075486108511
3.728 3.473253378687106
3.739 3.551064950797888
3.75 3.446555887003585
3.761 3.48314780424794
3.772 3.513281490719284
3.783 3.468328692994212
3.794 3.52845814738427
3.805 3.503950863657133
3.816 3.441300228821334
3.827 3.385943471741741
3.838 3.422686921489036
3.849 3.276130058294206
3.86 3.253461331167562
3.871 3.301517564766637
3.882 3.160372681276245
3.893 3.229147727014285
3.904 3.082713730552833
3.915 3.044857933297104
3.925999999999999 3.000283622945194
3.937 2.95223956609425
3.948 3.002102658689378
3.959 2.84443042200206
3.969999999999999 2.804068403268032
3.981 2.748010317377152
3.992 2.684139659525201
4.003 2.626233949666462
4.013999999999999 2.629995291830739
4.024999999999999 2.600680718687046
4.036 2.503774411472477
4.047 2.3663384571707
4.058 2.352086001409055
4.069 2.264570573786272
4.08 2.182340405023972
4.090999999999999 2.196786625347151
4.101999999999999 2.034134623677625
4.113 2.024015992589495
4.124 1.938961026307131
4.135 1.986248036424139
4.145999999999999 1.857699978395147
4.157 1.857751654970869
4.168 1.730474552577967
4.178999999999999 1.721400455435903
4.19 1.690940663324559
4.201 1.558870223992606
4.212 1.566513947286572
4.223 1.533172690839868
4.233999999999999 1.464905609037404
4.245 1.474202635291966
4.256 1.374025936788476
4.266999999999999 1.323583723600114
4.278 1.312818962258497
4.288999999999999 1.203048951135512
4.3 1.133160637215288
4.311 1.158789247318035
4.321999999999999 1.130141191837268
4.333 1.087526661341049
4.344 1.062717640553032
4.355 1.063136888449854
4.366 0.9347406748644388
4.376999999999999 0.9148339786579616
4.388 0.8591331275160122
4.399 0.8573649727030844
4.409999999999999 0.8218545941338622
4.421 0.8239989134123927
4.431999999999999 0.7970278569682139
4.443 0.7530716452746119
4.454 0.7058620235320116
4.464999999999999 0.6432541075200304
4.476 0.6807552229008497
4.486999999999999 0.6502600382841207
4.497999999999999 0.6194531401742497
4.509 0.5847527182671064
4.52 0.6003621525342769
4.531 0.5571929693042068
4.542 0.5391828346665859
4.552999999999999 0.5201667795278447
4.564 0.4943237509877118
4.574999999999999 0.4785963422023171
4.585999999999999 0.4734184273726726
4.597 0.4199602479496984
4.608 0.4626213807238191
4.619 0.4364927672412236
4.629999999999999 0.388488080863142
4.640999999999999 0.40866685749312
4.652 0.3735950200769828
4.662999999999999 0.3628921258651496
4.673999999999999 0.3828948384559817
4.685 0.3655931275497401
4.696 0.3467947490230442
4.707 0.3424356572815812
4.717999999999999 0.3501302756255205
4.728999999999999 0.3354584568636556
4.74 0.3160480029509333
4.750999999999999 0.3124348536472418
4.762 0.316358426715576
4.773 0.30423051869552
4.784 0.3086804847192481
4.795 0.3189040563657396
4.805999999999999 0.3316633789717544
4.816999999999999 0.2945181453034171
4.827999999999999 0.3046574951570972
4.839 0.2944488387334058
4.85 0.3044908992640459
4.861 0.3139247376156621
4.872 0.3222459449688119
4.883 0.3141687950093014
4.893999999999999 0.3036221314549115
4.904999999999999 0.3224832741019703
4.915999999999999 0.3225545475105636
4.927 0.3311384049124656
4.938 0.3266755692396898
4.949 0.3336692492921406
4.96 0.320824432477907
4.970999999999999 0.2992308712203623
4.981999999999999 0.3243733167199497
4.992999999999999 0.3658785299837637
5.004 0.3331904194080195
5.015 0.3694525379059709
5.025999999999999 0.3890251897635079
5.037 0.3863728607559208
5.048 0.3751487048050523
5.058999999999999 0.4001349041966645
5.069999999999999 0.4154381640001408
5.081 0.406107247441043
5.092 0.405765608722652
5.103 0.4054231484367211
5.113999999999999 0.4194971959918272
5.125 0.4302054897780158
5.136 0.4588016894268002
5.146999999999999 0.4623565975414147
5.157999999999999 0.4667915029302048
5.168999999999999 0.467542600709633
5.18 0.4886827028705882
5.191 0.4920350790703981
5.201999999999999 0.5002993960949447
5.213 0.4878995590152496
5.224 0.4978861727522086
5.234999999999999 0.5335291582618874
5.246 0.5321827545270938
5.256999999999999 0.5326036052630104
5.268 0.5409063748734512
5.279 0.5408417713091386
5.289999999999999 0.5481630305228822
5.301 0.571436612564806
5.311999999999999 0.5828731142841881
5.323 0.5796128563488707
5.334 0.5819329793831252
5.344999999999999 0.6225532434674378
5.356 0.6221243320115847
5.366999999999999 0.6516803026882761
5.377999999999999 0.5947621277153238
5.389 0.6162194716129048
5.399999999999999 0.6400008575725759
5.411 0.6157996551007692
5.422 0.6298621431139386
5.432999999999999 0.615778652017558
5.444 0.6202763443351937
5.454999999999999 0.6504908456282886
5.465999999999999 0.6596898420825205
5.477 0.6704322735042776
5.488 0.6293761452183851
5.499 0.6437645370847426
5.509999999999999 0.6496176030917401
5.520999999999999 0.6705871128442674
5.532 0.661169416289528
5.542999999999999 0.6482569667070042
5.553999999999999 0.6658131511872045
5.565 0.6576884084879877
5.576 0.672711416556673
5.587 0.6501903540725774
5.597999999999999 0.6604557077508293
5.608999999999999 0.6319601379619799
5.62 0.646444382687816
5.630999999999999 0.6266575627443954
5.641999999999999 0.6486854182525249
5.653 0.633602813064833
5.664 0.6273559736218653
5.675 0.6052838205333247
5.685999999999999 0.5942920974020612
5.696999999999999 0.6268716195250157
5.707999999999999 0.6009330849565844
5.718999999999999 0.6131379925019382
5.73 0.6011543863595215
5.741 0.5685821616245742
5.752 0.5800223363562241
5.763 0.5627920069966137
5.773999999999999 0.586569415242734
5.784999999999999 0.5661638333994303
5.795999999999999 0.5919140711972546
5.806999999999999 0.5748818615235427
5.818 0.5755903251436149
5.829 0.5590974004742415
5.84 0.5776927493225081
5.850999999999999 0.552064843935321
5.861999999999999 0.551415379790225
5.872999999999999 0.5560593519380381
5.883999999999999 0.5536345737768837
5.895 0.5582281023421484
5.905999999999999 0.5470829549029609
5.917 0.5516591183183361
5.928 0.5769771453990943
5.938999999999999 0.551727709908058
5.949999999999999 0.561037867223837
5.960999999999999 0.5726733051250805
5.972 0.562038230322993
5.983 0.5834371384012367
5.993999999999999 0.591802977239674
6.005 0.5947035255065082
6.016 0.6174198076300197
6.026999999999999 0.6047853368237263
6.037999999999999 0.6199476226086836
6.048999999999999 0.6210253579037205
6.06 0.6585483493558001
6.071 0.6479126146470502
6.081999999999999 0.659065923287585
6.093 0.6727575351269717
6.104 0.6794862555730466
6.114999999999999 0.6972294867764797
6.125999999999999 0.6817587636807243
6.136999999999999 0.7313530897055517
6.148 0.7831652816419088
6.159 0.7486083637206875
6.169999999999999 0.7753620129093702
6.181 0.8012837921718036
6.191999999999999 0.8378110654945179
6.202999999999999 0.867115205323114
6.214 0.8949462346694682
6.224999999999999 0.8902211273510837
6.236 0.9171383898091353
6.246999999999999 0.9463563988940954
6.257999999999999 0.9511196428701423
6.269 0.9902243759309096
6.279999999999999 0.994480861997378
6.290999999999999 1.046683590671363
6.302 1.115681082311734
6.312999999999999 1.109359690804869
6.324 1.100336013270548
6.334999999999999 1.153853407435601
6.345999999999999 1.197925786570706
6.357 1.22692655098125
6.367999999999999 1.210991106624727
6.379 1.282513754216955
6.389999999999999 1.304047432733845
6.400999999999999 1.317106727697343
6.412 1.325035334830848
6.422999999999999 1.388968348824667
6.433999999999999 1.401875909609715
6.445 1.448391481152892
6.456 1.473844918634989
6.467 1.464477468004927
6.477999999999999 1.471991081615182
6.488999999999999 1.510381714401451
6.5 1.577895773697126
6.510999999999999 1.627141213687514
6.521999999999999 1.611362834740264
6.532999999999999 1.646170281873168
6.544 1.63126837245289
6.555 1.681341951835167
6.565999999999999 1.711868941113232
6.576999999999999 1.703342578117958
6.588 1.720670761798228
6.598999999999999 1.711314084475267
6.609999999999999 1.730989906414222
6.621 1.750248152608407
6.632 1.7463942254905
6.643 1.771801121873856
6.653999999999999 1.801705670596394
6.664999999999999 1.809477253848781
6.675999999999999 1.809538974555477
6.686999999999999 1.825110640878555
6.698 1.821030419659516
6.709 1.83103325578081
6.72 1.802944700129014
6.730999999999999 1.828240135290969
6.741999999999999 1.765501441006691
6.752999999999999 1.833454402779863
6.763999999999999 1.826441068646451
6.774999999999999 1.779673548136112
6.786 1.81093511717851
6.797 1.806669151544431
6.808 1.770896625669468
6.818999999999999 1.705231115630813
6.829999999999999 1.731334888274303
6.840999999999999 1.682070076024145
6.851999999999999 1.726995799621463
6.863 1.678817520135578
6.873999999999999 1.682734334886005
6.885 1.649885024324238
6.896 1.625686050611858
6.906999999999999 1.601632522600846
6.917999999999999 1.626828505039646
6.928999999999998 1.573994079721023
6.94 1.581657435005865
6.951 1.5149174014538
6.961999999999999 1.520190753740893
6.973 1.496372479893448
6.984 1.517134424679678
6.994999999999999 1.494206708024279
7.005999999999999 1.458762656834468
7.016999999999999 1.44356535905296
7.028 1.423525048064824
7.039 1.395246444290542
7.049999999999999 1.354886677739644
7.061 1.339195576230782
7.071999999999999 1.299733611375737
7.082999999999999 1.306628948246736
7.093999999999999 1.297746590661346
7.104999999999999 1.28625929479395
7.116 1.24333251049215
7.127 1.235427656757773
7.137999999999999 1.218961099119483
7.149 1.183289292883199
7.159999999999999 1.175385990769359
7.170999999999999 1.149527154016044
7.181999999999999 1.14459739913716
7.192999999999999 1.104621291816325
7.204 1.11486587863493
7.214999999999999 1.085272309523754
7.225999999999999 1.06751511108916
7.237 1.046837774494396
7.247999999999999 1.038103751760449
7.258999999999999 1.038662639801046
7.269999999999999 1.000502138364197
7.280999999999999 0.9986345431634616
7.292 0.967914855877773
7.302999999999999 0.9761947579834894
7.313999999999999 0.9518645956869701
7.325 0.9555946610972175
7.335999999999999 0.9448147492268228
7.347 0.9548526466526123
7.357999999999999 0.9425560254939924
7.368999999999999 0.9047600885159133
7.38 0.9313627523367702
7.390999999999999 0.9279277839415269
7.401999999999999 0.9005016379582914
7.412999999999999 0.8747852751372583
7.423999999999999 0.8772812053004041
7.435 0.8989268726771795
7.445999999999999 0.9118737446741982
7.456999999999999 0.8620981941621222
7.468 0.8757246417192079
7.478999999999999 0.8509443985274769
7.489999999999999 0.8677728964918501
7.500999999999999 0.8648004149029621
7.512 0.8609782428268336
7.523 0.8565290646888323
7.533999999999999 0.8514584099804848
7.544999999999999 0.8506927692679386
7.555999999999999 0.8249677444108203
7.566999999999999 0.8351247553935196
7.577999999999999 0.8337660407142753
7.589 0.8588475262773665
7.6 0.8300072961594819
7.610999999999999 0.8389677580318702
7.621999999999999 0.8455668754430411
7.632999999999999 0.8563057403419841
7.643999999999999 0.8440489828945633
7.654999999999999 0.8331061629392579
7.665999999999999 0.8342439535728108
7.677 0.8337184428698375
7.688 0.8224762247649383
7.698999999999999 0.837187109536939
7.709999999999999 0.8118534311094047
7.720999999999999 0.8367206349476835
7.731999999999999 0.8331224859045259
7.742999999999999 0.8258843199184599
7.753999999999999 0.8156448804420973
7.765 0.8331369900810013
7.776 0.8327993682841476
7.786999999999999 0.8224161702728784
7.797999999999999 0.8180976627798234
7.808999999999998 0.8157977279925143
7.819999999999999 0.822670393161182
7.831 0.839234447074838
7.841999999999999 0.8271791124105285
7.853 0.8400761153699596
7.864 0.8016846136553311
7.874999999999999 0.8118244443966629
7.885999999999999 0.8156366063422194
7.896999999999998 0.8133690892309926
7.907999999999999 0.8463682418420271
7.919 0.8251794380340899
7.929999999999999 0.8011990067324799
7.941 0.7941544945936942
7.951999999999999 0.7975486308903587
7.962999999999999 0.8007289155127977
7.973999999999999 0.8111688726045023
7.984999999999999 0.8171540613399727
7.996 0.7874736170931971
8.007 0.7940549026025899
8.017999999999999 0.8149984652274667
8.029 0.8029433354860709
8.039999999999999 0.8248731312936564
8.050999999999998 0.8010103392980091
8.061999999999999 0.7913317449587669
8.072999999999999 0.8007687503409698
8.084 0.8131341842496073
8.094999999999999 0.8211537199038897
8.106 0.8383970282269004
8.116999999999999 0.8226313951621756
8.128 0.8231753426937443
8.138999999999999 0.8250006979040081
8.149999999999999 0.8444206074934693
8.161 0.8558676148732416
8.171999999999999 0.832589246902699
8.183 0.8589192681162643
8.193999999999999 0.8446422055739089
8.205 0.8554113439211549
8.215999999999999 0.8318288479414889
8.226999999999999 0.8636284340103008
8.238 0.8808941278705181
8.248999999999999 0.856706597947788
8.26 0.8615719279916518
8.270999999999999 0.8575038987606759
8.281999999999998 0.8834718462804759
8.292999999999999 0.8926473941607547
8.304 0.8966476274042381
8.315 0.8997425546001727
8.325999999999999 0.9101994572373088
8.336999999999998 0.9142878871688402
8.347999999999999 0.9223726154133757
8.359 0.9070468011327797
8.369999999999999 0.928318814073681
8.381 0.9255398761171147
8.391999999999999 0.9622158834939902
8.402999999999999 0.9533174248185255
8.414 0.9637368652109324
8.424999999999999 0.9686060387273567
8.436 0.9914226595511801
8.446999999999999 0.9702332010123073
8.457999999999998 0.9707800753064845
8.468999999999999 0.9881380512840419
8.479999999999999 0.9962536108725866
8.491 1.03254567794433
8.501999999999999 1.015214613445908
8.512999999999998 1.003013159791344
8.523999999999999 1.038159344196003
8.534999999999998 1.013243336220218
8.545999999999999 1.036998685758971
8.557 1.0378320840887
8.568 1.044300876392565
8.578999999999999 1.066129115432497
8.589999999999998 1.054156879119588
8.600999999999999 1.072547694684954
8.611999999999998 1.081312864643652
8.622999999999999 1.066597219210266
8.634 1.081537055044461
8.645 1.062649702020782
8.655999999999999 1.079468364339277
8.667 1.065054547363047
8.677999999999999 1.073685398702742
8.688999999999998 1.063225415335734
8.699999999999999 1.08597686536019
8.710999999999999 1.076976943622037
8.722 1.091243658176089
8.732999999999999 1.083067690032762
8.744 1.0663235313542
8.754999999999999 1.064125963329154
8.765999999999998 1.088575633797052
8.776999999999999 1.039349556005994
8.787999999999998 1.060261280631884
8.798999999999999 1.041404816580957
8.81 1.068323420901486
8.821 1.02807991299616
8.831999999999999 1.036614767582904
8.843 1.037312916796221
8.853999999999999 1.050128451655551
8.864999999999998 0.9890728466692034
8.875999999999998 1.036583585292129
8.886999999999999 0.9912851342404505
8.898 0.9936098038971048
8.908999999999999 0.9862478913865798
8.92 0.9874954750006255
8.930999999999999 0.9597074478339137
8.941999999999998 0.9669515671759167
8.952999999999999 0.9461852039016279
8.963999999999999 0.9482651246640904
8.975 0.9575934034059819
8.986000000000001 0.9163187769554509
8.997 0.9157381883398898
9.007999999999999 0.9270214159542046
9.018999999999998 0.9066375097622862
9.029999999999999 0.8963627227043671
9.040999999999999 0.8771903344838019
9.051999999999998 0.8671801847891627
9.062999999999999 0.880953342249141
9.074 0.8575094045086592
9.084999999999999 0.8489404076296537
9.096 0.8356971526863727
9.106999999999999 0.8228091554007619
9.117999999999999 0.8290357347979176
9.128999999999998 0.8059852269281118
9.139999999999999 0.7999642878785291
9.151 0.7941154454427974
9.161999999999999 0.7810336633601941
9.173 0.7706191072283213
9.183999999999999 0.7755669685775922
9.194999999999999 0.7812096684605698
9.206 0.7477121414340342
9.216999999999999 0.7607057860696222
9.227999999999998 0.7397191502886451
9.238999999999999 0.7332495645724735
9.25 0.7236752014327029
9.260999999999999 0.6969512959467162
9.271999999999998 0.7055067999479989
9.282999999999999 0.6990295553594441
9.293999999999999 0.6996351451909617
9.304999999999998 0.6906648633648861
9.315999999999999 0.6749948087542236
9.327 0.6930178731469645
9.337999999999999 0.6693060976998967
9.349 0.6904610791587039
9.359999999999999 0.6985783093414424
9.370999999999999 0.6739040789124493
9.382 0.6698344557257854
9.392999999999999 0.6747604067003029
9.403999999999998 0.6693260360922584
9.414999999999997 0.6646026052662297
9.426 0.6807484000073428
9.436999999999999 0.6665743909509698
9.447999999999999 0.654921928069419
9.459 0.6671585973717169
9.469999999999999 0.6683292909553838
9.480999999999998 0.6570194326712386
9.491999999999999 0.6766007783181672
9.503 0.6855634920677632
9.513999999999999 0.6985222800031247
9.525 0.6840158642730729
9.536 0.6806982465323399
9.546999999999999 0.7027997014812204
9.557999999999998 0.6982498857485167
9.568999999999999 0.702636826149391
9.579999999999998 0.7238668099296164
9.590999999999998 0.7263164695745674
9.602 0.7276955227233433
9.613 0.7422549871571092
9.623999999999999 0.7533248906199375
9.635 0.7604038414453265
9.645999999999999 0.7679725472177991
9.656999999999998 0.7991594550617852
9.667999999999997 0.785478401524504
9.679 0.8086744388884747
9.69 0.8173554227569666
9.700999999999999 0.8155049660002121
9.712 0.8591441269210418
9.722999999999999 0.8507573478606633
9.733999999999998 0.8754644634056736
9.744999999999999 0.8682293879699757
9.755999999999998 0.9117334368354265
9.766999999999998 0.9218208645454998
9.778 0.9225548148227997
9.789 0.9377829806647013
9.799999999999999 0.9731186970107011
9.811 0.9558721976128876
9.821999999999999 1.008692319826209
9.832999999999998 1.001649122347872
9.843999999999998 1.014633188412146
9.855 1.043243824124646
9.866 1.057950788895127
9.876999999999999 1.079586272941794
9.888 1.092646140622565
9.898999999999999 1.107386764661283
9.909999999999998 1.110269114438393
9.920999999999999 1.14186527105976
9.931999999999999 1.166523206557482
9.942999999999998 1.191685848812774
9.954000000000001 1.189917484038198
9.965 1.21896255578484
9.975999999999999 1.258899411367047
9.986999999999998 1.25099825132098
9.997999999999999 1.277514474802532
10.009 1.277266111322723
10.02 1.288063243440998
10.031 1.317343690559834
10.042 1.345888618187974
10.053 1.345842645335358
10.064 1.354338004047112
10.075 1.378763821424162
10.086 1.389300860247064
10.097 1.414494463889967
10.108 1.423231397489023
10.119 1.443354866093275
10.13 1.451272010755909
10.141 1.443861848766127
10.152 1.456467604228733
10.163 1.498872575882724
10.174 1.465373049546086
10.185 1.467970575605411
10.196 1.496348576821567
10.207 1.489735635651111
10.218 1.502060598512833
10.229 1.526211766710647
10.24 1.502711278337332
10.251 1.511787112469501
10.262 1.557165704581432
10.273 1.534547642456328
10.284 1.571148154733017
10.295 1.519492472485136
10.306 1.516713083369826
10.317 1.527798888811341
10.328 1.531977576452025
10.339 1.538643777927263
10.35 1.535719809519644
10.361 1.505552895985313
10.372 1.513355524649193
10.383 1.500203941124896
10.394 1.473226421857804
10.405 1.48610450457799
10.416 1.47330810598213
10.427 1.458992666377536
10.438 1.462859119171098
10.449 1.455764687334775
10.46 1.457275585423475
10.471 1.448548489258613
10.482 1.424544243745971
10.493 1.409937258855434
10.504 1.37981027836954
10.515 1.397103874496959
10.526 1.363492501109334
10.537 1.357905347209355
10.548 1.345545585637616
10.559 1.322300779112682
10.57 1.311587993922576
10.581 1.276854011161531
10.592 1.254104745846373
10.603 1.249988637896101
10.614 1.240692977785051
10.625 1.229273427786103
10.636 1.198070640807309
10.647 1.178608005140825
10.658 1.159544993566814
10.669 1.15758602639237
10.68 1.125173464260686
10.691 1.119128726837191
10.702 1.061165721496587
10.713 1.089261912610152
10.724 1.05724473363513
10.735 1.058149084456661
10.746 1.022521366230312
10.757 1.00810721965355
10.768 0.9854439722306508
10.779 0.9701106311365928
10.79 0.9624814048701475
10.801 0.9633453492920817
10.812 0.9494998433204672
10.823 0.9143738570263744
10.834 0.9070152970875067
10.845 0.9023795771208727
10.856 0.8705558872948506
10.867 0.8678670553040435
10.878 0.8409768967475978
10.889 0.8388691079171842
10.9 0.8263020909105451
10.911 0.8125551568101177
10.922 0.8196075233847807
10.933 0.7979706853767701
10.944 0.7846636715340041
10.955 0.7824807802197882
10.966 0.7572922939821209
10.977 0.7616449608796537
10.988 0.7721380425230351
10.999 0.756790310944834
11.01 0.7435136834568249
11.021 0.7456450106227337
11.032 0.7303368568007105
11.043 0.7374814945518847
11.054 0.736514783460067
11.065 0.7281820068489826
11.076 0.7104400991001785
11.087 0.7300584649844313
11.098 0.7161415404167317
11.109 0.7335937701880454
11.12 0.7244543863769688
11.131 0.7280429206766905
11.142 0.7223847685737298
11.153 0.7226280949681856
11.164 0.7268795688520377
11.175 0.7414611704094749
11.186 0.716036490234519
11.197 0.7387477072319613
11.208 0.7345823231669869
11.219 0.737212131960624
11.23 0.7510441885860986
11.241 0.7549795070172209
11.252 0.7574536069553931
11.263 0.7625115023824102
11.274 0.7707135926109765
11.285 0.778882303596681
11.296 0.7869222368526813
11.307 0.7817696370167753
11.318 0.7976694351969079
11.329 0.805811798735072
11.34 0.8011221245146913
11.351 0.820010434956428
11.362 0.8192749371497197
11.373 0.8280608572264193
11.384 0.8561911205458324
11.395 0.8518175257214143
11.406 0.8513014784122986
11.417 0.8647224140250628
11.428 0.8720221495877285
11.439 0.8641979049062932
11.45 0.8973204087743261
11.461 0.8931871642542961
11.472 0.8873079388657761
11.483 0.9070618177638026
11.494 0.9234162581741242
11.505 0.9213766895083055
11.516 0.9194351549154003
11.527 0.9561299314185315
11.538 0.9382821713575537
11.549 0.9594413196875111
11.56 0.977963729168276
11.571 0.9711895545058846
11.582 0.986798385501873
11.593 0.9933652035528824
11.604 0.9855084877238732
11.615 0.97731821288115
11.626 0.9992854324880477
11.637 1.024859369959819
11.648 1.016635911739877
11.659 1.009517963904409
11.67 1.029820033554174
11.681 1.009564849675858
11.692 1.013197677207547
11.703 1.034174474108023
11.714 1.042631028436922
11.725 1.044845841340833
11.736 1.058381483055545
11.747 1.048008146022607
11.758 1.056544896420895
11.769 1.068304975441081
11.78 1.061040813983009
11.791 1.062747254601519
11.802 1.065671015057331
11.813 1.06211639682792
11.824 1.055956801663323
11.835 1.070710148346879
11.846 1.066465334823137
11.857 1.07307530839012
11.868 1.081044046939837
11.879 1.065478897587708
11.89 1.06834000527841
11.901 1.083929705901119
11.912 1.070931693192806
11.923 1.074790767430412
11.934 1.047898874277095
11.945 1.063660767855123
11.956 1.043111244708494
11.967 1.048603557827591
11.978 1.037841754827999
11.989 1.047900900339176
Curve Coordination Number
1.0 0.0
1.011 0.0
1.022 0.0
1.033 0.0
1.044 0.0
1.055 0.0
1.066 0.0
1.077 0.0
1.088 0.0
1.099 0.0
1.11 0.0
1.121 0.0
1.132 0.0
1.143 0.0
1.154 0.0
1.165 0.0
1.176 0.0
1.187 0.0
1.198 0.0
1.209 0.0
1.22 0.0
1.231 0.0
1.242 0.0
1.253 0.0
1.264 0.0
1.275 0.0
1.286 0.0
1.297 0.0
1.308 0.0
1.319 0.0
1.33 0.0
1.341 0.0
1.352 0.0
1.363 0.0
1.374 0.0
1.385 0.0
1.396 0.0
1.407 0.0
1.418 0.0
1.429 0.0
1.44 0.0
1.451 0.0
1.462 0.0
1.473 0.0
1.484 0.0
1.495 0.0
1.506 0.0
1.517 0.0
1.528 0.0
1.539 0.0
1.55 0.0
1.561 0.0
1.572 0.0
1.583 0.0
1.594 0.0
1.605 0.0
1.616 0.0
1.627 0.0
1.638 0.0
1.649 0.0
1.66 0.0
1.671 0.0
1.682 0.0
1.693 0.0
1.704 0.0
1.715 0.0
1.726 0.0
1.737 0.0
1.748 0.0
1.759 0.0
1.77 0.0
1.781 0.0
1.792 0.0
1.803 0.0
1.814 0.0
1.825 0.0
1.836 0.0
1.847 0.0
1.858 0.0
1.869 0.0
1.88 0.0
1.891 0.0
1.902 0.0
1.913 0.0
1.924 0.0
1.935 0.0
1.946 0.0
1.957 0.0
1.968 0.0
1.979 0.0
1.99 0.0
2.001 0.0
2.012 0.0
2.023 0.0
2.034 0.0
2.045 0.0
2.056 0.0
2.067 0.0
2.078 0.0
2.089 0.0
2.1 0.0
2.111 0.0
2.121999999999999 0.0
2.133 0.0
2.144 0.0
2.155 0.0
2.165999999999999 0.0
2.177 0.0
2.188 0.0
2.199 0.0
2.21 0.0
2.221 0.0
2.232 0.0
2.243 0.0
2.254 0.0
2.265 0.0
2.276 0.0
2.287 0.0
2.298 0.0
2.309 0.0
2.32 0.0
2.331 0.0
2.342 0.0
2.353 0.0
2.364 0.0
2.375 0.0
2.386 0.0
2.397 0.0
2.408 0.0
2.419 0.0
2.43 0.0
2.441 0.0
2.452 0.0
2.463 0.0
2.474 0.0
2.485 0.0
2.496 0.0
2.507 0.0
2.518 0.0
2.529 0.0
2.54 0.0
2.551 0.0
2.561999999999999 0.0
2.573 0.0
2.584 0.0
2.595 0.0
2.605999999999999 0.0
2.617 0.0
2.628 0.0
2.639 0.0
2.649999999999999 0.0
2.661 0.0
2.672 0.0
2.683 0.0
2.694 0.0
2.705 0.0
2.716 0.0
2.727 0.0
2.738 0.0
2.749 0.0
2.76 0.0
2.771 0.0
2.782 0.0
2.793 0.0
2.804 0.0
2.815 0.0
2.826 0.0
2.837 0.0
2.848 0.0
2.859 0.0
2.87 0.0
2.881 0.0
2.892 0.0
2.903 0.0
2.914 0.0
2.925 0.0
2.936 0.0
2.947 0.0
2.958 0.0
2.969 0.0
2.98 0.0
2.991 0.0
3.001999999999999 0.0
3.013 0.0
3.024 0.0
3.035 0.0
3.045999999999999 0.0
3.057 0.0
3.068 0.0
3.079 0.0
3.089999999999999 0.0
3.101 0.0
3.112 4.0000000020981e-05
3.123 0.000240000000125886
3.133999999999999 0.000360000000188829
3.145 0.0006800000003566769
3.156 0.00120000000062943
3.167 0.001480000000776297
3.177999999999999 0.001760000000923164
3.189 0.002600000001363765
3.2 0.003440000001804366
3.211 0.005000000002622625
3.222 0.006720000003524808
3.233 0.009040000004741705
3.244 0.01248000000654607
3.255 0.01696000000889594
3.266 0.0214800000112668
3.277 0.0280000000146867
3.288 0.03576000001875701
3.299 0.0450400000236246
3.31 0.05608000002941536
3.321 0.06968000003654889
3.332 0.08528000004473149
3.343 0.1047600000549492
3.354 0.1291200000677267
3.365 0.1565200000820987
3.376 0.1840800000965546
3.387 0.2160800001133394
3.398 0.2519200001321383
3.409 0.2930800001537278
3.42 0.3419600001793666
3.431 0.3930400002061593
3.441999999999999 0.4470400002344836
3.453 0.5058000002653047
3.464 0.5697600002988533
3.475 0.6390800003352134
3.485999999999999 0.7174000003762941
3.497 0.7984800004188226
3.508 0.8849200004641625
3.519 0.9780800005130272
3.529999999999999 1.078280000565585
3.541 1.180640000619275
3.552 1.285280000674162
3.563 1.399840000734251
3.573999999999999 1.518480000796481
3.585 1.647560000864186
3.596 1.774280000930654
3.607 1.90580000099964
3.617999999999999 2.042160001071164
3.629 2.182240001144639
3.64 2.32376000121887
3.651 2.469800001295472
3.661999999999999 2.616000001372157
3.673 2.76496000145029
3.684 2.919120001531151
3.695 3.071920001611299
3.706 3.223200001690649
3.717 3.380120001772957
3.728 3.539120001856356
3.739 3.702640001942127
3.75 3.862280002025862
3.761 4.024560002110982
3.772 4.18920000219734
3.783 4.352680002283089
3.794 4.519960002370831
3.805 4.687040002458469
3.816 4.852080002545036
3.827 5.015400002630702
3.838 5.181440002717793
3.849 5.341280002801634
3.86 5.500920002885369
3.871 5.663840002970825
3.882 5.820680003053091
3.893 5.981840003137624
3.904 6.136560003218778
3.915 6.290240003299387
3.925999999999999 6.442520003379262
3.937 6.593200003458297
3.948 6.747280003539116
3.959 6.894080003616116
3.969999999999999 7.039600003692445
3.981 7.183000003767662
3.992 7.323840003841536
4.003 7.462400003914214
4.013999999999999 7.601920003987395
4.024999999999999 7.740640004060158
4.036 7.87492000413059
4.047 8.002520004197519
4.058 8.130040004264407
4.069 8.253480004329155
4.08 8.373080004391889
4.090999999999999 8.494120004455377
4.101999999999999 8.606800004514481
4.113 8.719520004573605
4.124 8.828080004630547
4.135 8.939880004689188
4.145999999999999 9.045000004744326
4.157 9.15068000479976
4.168 9.249640004851667
4.178999999999999 9.348600004903574
4.19 9.446320004954831
4.201 9.536880005002333
4.212 9.628360005050316
4.223 9.718360005097523
4.233999999999999 9.804800005142862
4.245 9.892240005188727
4.256 9.974160005231695
4.266999999999999 10.0534800052733
4.278 10.13256000531478
4.288999999999999 10.20540000535299
4.3 10.27436000538916
4.311 10.34524000542634
4.321999999999999 10.41472000546278
4.333 10.48192000549803
4.344 10.54792000553265
4.355 10.61428000556745
4.366 10.67292000559821
4.376999999999999 10.73060000562847
4.388 10.78504000565702
4.399 10.83964000568566
4.409999999999999 10.89224000571325
4.421 10.94524000574105
4.431999999999999 10.99676000576807
4.443 11.04568000579373
4.454 11.09176000581791
4.464999999999999 11.13396000584004
4.476 11.17884000586358
4.486999999999999 11.22192000588618
4.497999999999999 11.26316000590781
4.509 11.30228000592833
4.52 11.3426400059495
4.531 11.38028000596924
4.542 11.41688000598844
4.552999999999999 11.45236000600705
4.564 11.48624000602482
4.574999999999999 11.51920000604211
4.585999999999999 11.55196000605929
4.597 11.58116000607461
4.608 11.61348000609156
4.619 11.64412000610763
4.629999999999999 11.671520006122
4.640999999999999 11.70048000613719
4.652 11.72708000615115
4.662999999999999 11.75304000616476
4.673999999999999 11.7805600061792
4.685 11.80696000619304
4.696 11.83212000620624
4.707 11.85708000621933
4.717999999999999 11.88272000623278
4.728999999999999 11.90740000624573
4.74 11.93076000625798
4.750999999999999 11.95396000627015
4.762 11.97756000628253
4.773 12.00036000629449
4.784 12.02360000630668
4.795 12.04772000631933
4.805999999999999 12.07292000633255
4.816999999999999 12.09540000634434
4.827999999999999 12.11876000635659
4.839 12.14144000636849
4.85 12.16500000638085
4.861 12.18940000639364
4.872 12.21456000640684
4.883 12.23920000641976
4.893999999999999 12.26312000643231
4.904999999999999 12.2886400064457
4.915999999999999 12.31428000645914
4.927 12.34072000647301
4.938 12.36692000648676
4.949 12.39380000650086
4.96 12.41976000651447
4.970999999999999 12.44408000652723
4.981999999999999 12.47056000654112
4.992999999999999 12.50056000655685
5.004 12.52800000657125
5.015 12.55856000658727
5.025999999999999 12.59088000660423
5.037 12.62312000662114
5.048 12.65456000663763
5.058999999999999 12.6882400066553
5.069999999999999 12.72336000667372
5.081 12.75784000669181
5.092 12.79244000670995
5.103 12.82716000672817
5.113999999999999 12.86324000674709
5.125 12.90040000676658
5.136 12.94020000678746
5.146999999999999 12.98048000680858
5.157999999999999 13.02132000683001
5.168999999999999 13.06240000685155
5.18 13.10552000687417
5.191 13.14912000689704
5.201999999999999 13.19364000692039
5.213 13.23724000694326
5.224 13.2819200069667
5.234999999999999 13.33000000699192
5.246 13.37816000701718
5.256999999999999 13.42656000704256
5.268 13.47592000706845
5.279 13.52548000709445
5.289999999999999 13.57592000712091
5.301 13.6287200071486
5.311999999999999 13.68280000717697
5.323 13.73680000720529
5.334 13.79124000723385
5.344999999999999 13.84972000726452
5.356 13.9084000072953
5.366999999999999 13.97012000732767
5.377999999999999 14.02668000735734
5.389 14.08552000738821
5.399999999999999 14.14688000742039
5.411 14.20616000745149
5.422 14.26704000748342
5.432999999999999 14.32680000751476
5.444 14.38724000754647
5.454999999999999 14.45088000757985
5.465999999999999 14.51568000761383
5.477 14.58180000764852
5.488 14.6441200076812
5.499 14.70812000771477
5.509999999999999 14.77296000774878
5.520999999999999 14.84016000778403
5.532 14.90668000781892
5.542999999999999 14.97216000785327
5.553999999999999 15.03968000788869
5.565 15.10664000792381
5.576 15.17540000795987
5.587 15.24212000799487
5.597999999999999 15.31016000803056
5.608999999999999 15.37552000806484
5.62 15.44264000810005
5.630999999999999 15.50796000813431
5.641999999999999 15.57584000816992
5.653 15.64240000820483
5.664 15.70856000823953
5.675 15.77264000827314
5.685999999999999 15.83580000830627
5.696999999999999 15.90268000834135
5.707999999999999 15.96704000837511
5.718999999999999 16.03296000840968
5.73 16.09784000844371
5.741 16.15944000847603
5.752 16.22252000850911
5.763 16.28396000854134
5.773999999999999 16.34824000857506
5.784999999999999 16.41052000860772
5.795999999999999 16.475880008642
5.806999999999999 16.53960000867543
5.818 16.60364000870902
5.829 16.66608000874177
5.84 16.73084000877574
5.850999999999999 16.79296000880832
5.861999999999999 16.85524000884099
5.872999999999999 16.91828000887406
5.883999999999999 16.9812800089071
5.895 17.04504000894055
5.905999999999999 17.10776000897344
5.917 17.17124000900674
5.928 17.2378800090417
5.938999999999999 17.30184000907525
5.949999999999999 17.36712000910949
5.960999999999999 17.43400000914457
5.972 17.49988000917913
5.983 17.56852000921513
5.993999999999999 17.63840000925179
6.005 17.70888000928875
6.016 17.78232000932727
6.026999999999999 17.85452000936514
6.037999999999999 17.9288000094041
6.048999999999999 18.00348000944328
6.06 18.08296000948496
6.071 18.16144000952613
6.081999999999999 18.24156000956815
6.093 18.3236400096112
6.104 18.40684000965484
6.114999999999999 18.49252000969978
6.125999999999999 18.57660000974389
6.136999999999999 18.66712000979137
6.148 18.76440000984239
6.159 18.85772000989134
6.169999999999999 18.95472000994222
6.181 19.05532000999499
6.191999999999999 19.16088001005036
6.202999999999999 19.27052001010787
6.214 19.38408001016743
6.224999999999999 19.49744001022689
6.236 19.61464001028837
6.246999999999999 19.73600001035202
6.257999999999999 19.85840001041623
6.269 19.9862800104833
6.279999999999999 20.1151600105509
6.290999999999999 20.2512800106223
6.302 20.39688001069867
6.312999999999999 20.54216001077488
6.324 20.68676001085072
6.334999999999999 20.83892001093053
6.345999999999999 20.99744001101368
6.357 21.16036001109914
6.367999999999999 21.32172001118377
6.379 21.49320001127372
6.389999999999999 21.66816001136549
6.400999999999999 21.8454800114585
6.412 22.02448001155239
6.422999999999999 22.21276001165115
6.433999999999999 22.40344001175117
6.445 22.60112001185485
6.456 22.80296001196072
6.467 23.00420001206628
6.477999999999999 23.20716001217274
6.488999999999999 23.41612001228234
6.5 23.63516001239723
6.510999999999999 23.86180001251611
6.521999999999999 24.08700001263423
6.532999999999999 24.31784001275532
6.544 24.5473600128757
6.555 24.7847200130002
6.565999999999999 25.02720001312739
6.576999999999999 25.26928001325437
6.588 25.51464001338307
6.598999999999999 25.75948001351149
6.609999999999999 26.00796001364183
6.621 26.26004001377405
6.632 26.51240001390642
6.643 26.76928001404115
6.653999999999999 27.03136001417862
6.664999999999999 27.29544001431714
6.675999999999999 27.56040001445611
6.686999999999999 27.82852001459675
6.698 28.09692001473753
6.709 28.36768001487955
6.72 28.63516001501985
6.730999999999999 28.90728001516259
6.741999999999999 29.17092001530087
6.752999999999999 29.44560001544495
6.763999999999999 29.72012001558895
6.774999999999999 29.98848001572971
6.786 30.26244001587341
6.797 30.53664001601723
6.808 30.80628001615866
6.818999999999999 31.06676001629529
6.829999999999999 31.33208001643446
6.840999999999999 31.5906800165701
6.851999999999999 31.85704001670981
6.863 32.11680001684606
6.873999999999999 32.37800001698307
6.885 32.63492001711783
6.896 32.88888001725104
6.906999999999999 33.13988001738269
6.917999999999999 33.39564001751685
6.928999999999998 33.64388001764706
6.94 33.89412001777831
6.951 34.13456001790443
6.961999999999999 34.37660001803138
6.973 34.61560001815674
6.984 34.85868001828424
6.994999999999999 35.09884001841021
7.005999999999999 35.33404001853358
7.016999999999999 35.56752001865605
7.028 35.79848001877719
7.039 36.0255600188963
7.049999999999999 36.24676001901233
7.061 36.46608001912736
7.071999999999999 36.67960001923936
7.082999999999999 36.8949200193523
7.093999999999999 37.10944001946482
7.104999999999999 37.32272001957669
7.116 37.52952001968517
7.127 37.73564001979328
7.137999999999999 37.93964001990028
7.149 38.13828002000448
7.159999999999999 38.33620002010829
7.170999999999999 38.53036002021013
7.181999999999999 38.72428002031184
7.192999999999999 38.91200002041031
7.204 39.10204002050999
7.214999999999999 39.28760002060732
7.225999999999999 39.47068002070335
7.237 39.65076002079781
7.247999999999999 39.82988002089176
7.258999999999999 40.00964002098605
7.269999999999999 40.18332002107715
7.280999999999999 40.35720002116835
7.292 40.52624002125702
7.302999999999999 40.69724002134671
7.313999999999999 40.86448002143443
7.325 41.03288002152277
7.335999999999999 41.19988002161037
7.347 41.36916002169916
7.357999999999999 41.53676002178707
7.368999999999999 41.69812002187171
7.38 41.86472002195909
7.390999999999999 42.03120002204642
7.401999999999999 42.19324002213141
7.412999999999999 42.35112002221422
7.423999999999999 42.50992002229751
7.435 42.67312002238312
7.445999999999999 42.83916002247021
7.456999999999999 42.99660002255279
7.468 43.15700002263692
7.478999999999999 43.31332002271891
7.489999999999999 43.47320002280277
7.500999999999999 43.63300002288659
7.512 43.79256002297029
7.523 43.95176002305379
7.533999999999999 44.11048002313704
7.544999999999999 44.26952002322046
7.555999999999999 44.42420002330159
7.566999999999999 44.58124002338396
7.577999999999999 44.73848002346644
7.589 44.90092002355165
7.6 45.05836002363423
7.610999999999999 45.21796002371794
7.621999999999999 45.37928002380256
7.632999999999999 45.5431200238885
7.643999999999999 45.70508002397345
7.654999999999999 45.86540002405754
7.665999999999999 46.02640002414199
7.677 46.18776002422663
7.688 46.34740002431037
7.698999999999999 46.51036002439584
7.709999999999999 46.66884002447897
7.720999999999999 46.83264002456489
7.731999999999999 46.99620002465068
7.742999999999999 47.15880002473597
7.753999999999999 47.31984002482044
7.765 47.48480002490695
7.776 47.65016002499369
7.786999999999999 47.81392002507958
7.797999999999999 47.97728002516527
7.808999999999998 48.14064002525096
7.819999999999999 48.30584002533761
7.831 48.47484002542625
7.841999999999999 48.64188002551387
7.853 48.81200002560311
7.864 48.9748000256885
7.874999999999999 49.14012002577522
7.885999999999999 49.30668002586258
7.896999999999998 49.47324002594995
7.907999999999999 49.64704002604111
7.919 49.81696002613024
7.929999999999999 49.98240002621701
7.941 50.14684002630327
7.951999999999999 50.31244002639013
7.962999999999999 50.47916002647758
7.973999999999999 50.64852002656642
7.984999999999999 50.81960002665615
7.996 50.98492002674286
8.007 51.15208002683054
8.017999999999999 51.32412002692078
8.029 51.49408002700993
8.039999999999999 51.66916002710176
8.050999999999998 51.83964002719118
8.061999999999999 52.00852002727976
8.072999999999999 52.17988002736965
8.084 52.35436002746117
8.094999999999999 52.53104002755384
8.106 52.71192002764872
8.116999999999999 52.88988002774206
8.128 53.06844002783572
8.138999999999999 53.24788002792984
8.149999999999999 53.43204002802644
8.161 53.61920002812461
8.171999999999999 53.80176002822036
8.183 53.99060002831941
8.193999999999999 54.17680002841708
8.205 54.36588002851626
8.215999999999999 54.55024002861296
8.226999999999999 54.74216002871363
8.238 54.93844002881658
8.248999999999999 55.12984002891697
8.26 55.32284002901821
8.270999999999999 55.51544002911923
8.281999999999998 55.71440002922359
8.292999999999999 55.91596002932932
8.304 56.1189600294358
8.315 56.32320002954292
8.325999999999999 56.53036002965158
8.336999999999998 56.73900002976102
8.347999999999999 56.95004002987172
8.359 57.15812002998086
8.369999999999999 57.37164003009286
8.381 57.58508003020481
8.391999999999999 57.8075600303215
8.402999999999999 58.02856003043743
8.414 58.25256003055492
8.424999999999999 58.47828003067331
8.436 58.70992003079481
8.446999999999999 58.93720003091403
8.457999999999998 59.16520003103362
8.468999999999999 59.39788003115567
8.479999999999999 59.63308003127904
8.491 59.87748003140723
8.501999999999999 60.1184000315336
8.512999999999998 60.35704003165877
8.523999999999999 60.60468003178866
8.534999999999998 60.84700003191576
8.545999999999999 61.09564003204618
8.557 61.34512003217704
8.568 61.59680003230905
8.578999999999999 61.85440003244418
8.589999999999998 62.10976003257812
8.600999999999999 62.37024003271474
8.611999999999998 62.63352003285284
8.622999999999999 62.8938800329894
8.634 63.15856003312823
8.645 63.41928003326499
8.655999999999999 63.68480003340426
8.667 63.94744003354202
8.677999999999999 64.21288003368126
8.688999999999998 64.47640003381947
8.699999999999999 64.74624003396102
8.710999999999999 65.01452003410174
8.722 65.28704003424468
8.732999999999999 65.55820003438691
8.744 65.8258400345273
8.754999999999999 66.09360003466774
8.765999999999998 66.36820003481178
8.776999999999999 66.63104003494965
8.787999999999998 66.89984003509065
8.798999999999999 67.16452003522947
8.81 67.43672003537225
8.821 67.69932003551
8.831999999999999 67.96476003564923
8.843 68.23104003578891
8.853999999999999 68.50128003593066
8.864999999999998 68.75644003606449
8.875999999999998 69.0245200362051
8.886999999999999 69.28152003633991
8.898 69.53976003647537
8.908999999999999 69.79672003661013
8.92 70.05464003674541
8.930999999999999 70.30592003687721
8.941999999999998 70.55972003701034
8.952999999999999 70.80868003714093
8.963999999999999 71.05880003727212
8.975 71.31200003740493
8.986000000000001 71.55488003753233
8.997 71.79820003765995
9.007999999999999 72.04512003778947
9.018999999999998 72.28720003791645
9.029999999999999 72.5271200380423
9.040999999999999 72.76248003816573
9.051999999999998 72.99572003828807
9.062999999999999 73.23324003841266
9.074 73.46500003853423
9.084999999999999 73.69500003865487
9.096 73.92196003877392
9.106999999999999 74.14596003889142
9.117999999999999 74.37220003901008
9.128999999999998 74.59268003912572
9.139999999999999 74.81204003924078
9.151 75.03032003935527
9.161999999999999 75.24552003946815
9.173 75.4583600395798
9.183999999999999 75.67308003969242
9.194999999999999 75.88988003980614
9.206 76.09788003991524
9.216999999999999 76.31000004002649
9.227999999999998 76.51676004013494
9.238999999999999 76.7222000402427
9.25 76.9254400403493
9.260999999999999 77.12164004045223
9.271999999999998 77.32072004055665
9.282999999999999 77.51844004066037
9.293999999999999 77.71680004076441
9.304999999999998 77.91308004086736
9.315999999999999 78.10536004096821
9.327 78.303240041072
9.337999999999999 78.49480004117248
9.349 78.69288004127638
9.359999999999999 78.89376004138175
9.370999999999999 79.08800004148364
9.382 79.28152004158514
9.392999999999999 79.47692004168763
9.403999999999998 79.67120004178953
9.414999999999997 79.86456004189095
9.426 80.06308004199508
9.436999999999999 80.25792004209728
9.447999999999999 80.44980004219792
9.459 80.64572004230068
9.469999999999999 80.84244004240387
9.480999999999998 81.03628004250554
9.491999999999999 81.23636004261049
9.503 81.43956004271706
9.513999999999999 81.64708004282591
9.525 81.85076004293275
9.536 82.05392004303931
9.546999999999999 82.26416004314959
9.557999999999998 82.4735200432594
9.568999999999999 82.68468004337018
9.579999999999998 82.90272004348455
9.590999999999998 83.12200004359957
9.602 83.34220004371507
9.613 83.56732004383315
9.623999999999999 83.79632004395326
9.635 84.02800004407479
9.645999999999999 84.2625200441978
9.656999999999998 84.50712004432609
9.667999999999997 84.74808004445248
9.679 84.9967200445829
9.69 85.24860004471502
9.700999999999999 85.50048004484714
9.712 85.76644004498664
9.722999999999999 86.03040004512509
9.733999999999998 86.30264004526789
9.744999999999999 86.57324004540983
9.755999999999998 86.85804004555922
9.766999999999998 87.1466400457106
9.778 87.43612004586244
9.789 87.73104004601713
9.799999999999999 88.03776004617801
9.811 88.3397200463364
9.821999999999999 88.6590800465039
9.832999999999998 88.97692004667061
9.843999999999998 89.29960004683987
9.855 89.63212004701428
9.866 89.97008004719154
9.876999999999999 90.31572004737286
9.888 90.66632004755677
9.898999999999999 91.02244004774356
9.909999999999998 91.38028004793125
9.920999999999999 91.74912004812471
9.931999999999999 92.12676004832279
9.942999999999998 92.5134000485256
9.954000000000001 92.90032004872855
9.965 93.2975600489369
9.975999999999999 93.70872004915256
9.986999999999998 94.11820004936735
9.997999999999999 94.53728004958717
10.009 94.95720004980743
10.02 95.38160005003003
10.031 95.8166000502582
10.042 96.26200005049182
10.053 96.70836005072594
10.064 97.15852005096207
10.075 97.61780005120298
10.086 98.08160005144624
10.097 98.55484005169448
10.108 99.03204005194479
10.119 99.51704005219918
10.13 100.0057600524555
10.141 100.4930400527111
10.152 100.9856400529695
10.163 101.493680053236
10.174 101.991440053497
10.185 102.4911600537592
10.196 103.0016400540269
10.207 103.5109600542941
10.218 104.025600054564
10.229 104.5496400548389
10.24 105.0667200551101
10.251 105.5880400553836
10.262 106.1261600556658
10.273 106.6576000559446
10.284 107.2028800562306
10.295 107.7313600565078
10.306 108.2600000567851
10.317 108.793640057065
10.328 109.3298800573462
10.339 109.8696000576293
10.35 110.4094400579125
10.361 110.9398000581907
10.372 111.4740400584709
10.383 112.0047600587493
10.394 112.5270400590232
10.405 113.0550000593002
10.416 113.5795200595753
10.427 114.1000400598483
10.438 114.6230400601226
10.449 115.1446000603962
10.46 115.6678000606706
10.471 116.188960060944
10.482 116.7025600612134
10.493 117.2119600614806
10.504 117.7115200617426
10.515 118.2184000620085
10.526 118.7141200622685
10.537 119.208840062528
10.548 119.7000800627857
10.559 120.1838400630394
10.57 120.6646800632916
10.581 121.1337600635377
10.592 121.5954400637798
10.603 122.0565600640217
10.614 122.5152000642623
10.625 122.9705600645011
10.636 123.4152800647344
10.647 123.8536800649643
10.658 124.285880065191
10.669 124.7182400654178
10.68 125.1393600656387
10.691 125.5590800658589
10.702 125.957880066068
10.713 126.3680800662832
10.724 126.7670400664925
10.735 127.1671600667023
10.746 127.5546000669056
10.757 127.9373600671063
10.768 128.312280067303
10.779 128.682120067497
10.79 129.0498000676898
10.801 129.4185600678832
10.812 129.7827600680743
10.823 130.1342000682586
10.834 130.4835200684419
10.845 130.8317600686245
10.856 131.1684000688011
10.867 131.5046800689775
10.878 131.8312000691488
10.889 132.1575600693199
10.9 132.4796800694889
10.911 132.7970800696554
10.922 133.1178800698237
10.933 133.4308400699878
10.944 133.7392000701495
10.955 134.0473200703111
10.966 134.3461200704679
10.977 134.6472400706258
10.988 134.9531200707863
10.999 135.2535200709438
11.01 135.549240071099
11.021 135.8464000712548
11.032 136.1380400714078
11.043 136.4331200715626
11.054 136.7284000717175
11.065 137.0209200718709
11.076 137.3068800720209
11.087 137.6013200721754
11.098 137.8907200723272
11.109 138.1877600724829
11.12 138.4816800726371
11.131 138.7776400727924
11.142 139.0718800729467
11.153 139.3668000731014
11.164 139.6640400732573
11.175 139.9678400734167
11.186 140.2618000735708
11.197 140.5656800737302
11.208 140.868440073889
11.219 141.1728800740487
11.23 141.4836400742117
11.241 141.7966400743759
11.252 142.1112800745409
11.263 142.4286400747074
11.274 142.750040074876
11.285 143.0754800750467
11.296 143.4049200752195
11.307 143.7328400753915
11.318 144.0680800755673
11.329 144.4074000757453
11.34 144.7454000759226
11.351 145.0920400761044
11.362 145.4390400762865
11.373 145.7904400764707
11.384 146.1544800766617
11.395 146.517360076852
11.406 146.8807200770426
11.417 147.2505200772366
11.428 147.6241600774326
11.439 147.9951600776272
11.45 148.3811200778296
11.461 148.7660400780315
11.472 149.1491600782325
11.483 149.5415600784383
11.494 149.9418000786482
11.505 150.3419200788581
11.516 150.741960079068
11.527 151.1587600792866
11.538 151.5685600795015
11.549 151.9884000797217
11.56 152.4171600799466
11.571 152.8437600801704
11.582 153.2780400803982
11.593 153.7160400806279
11.604 154.1514000808563
11.615 154.5839600810831
11.626 155.0270800813156
11.637 155.4824000815544
11.648 155.9349200817918
11.659 156.3851200820279
11.67 156.8452400822693
11.681 157.2971600825063
11.692 157.7515600827446
11.703 158.2162400829884
11.714 158.6856000832346
11.725 159.1568400834818
11.736 159.6350800837326
11.747 160.1095200839815
11.758 160.5887200842328
11.769 161.0741600844875
11.78 161.5572000847408
11.791 162.0419200849951
11.802 162.5288800852505
11.813 163.0151200855055
11.824 163.4994400857595
11.835 163.9914400860176
11.846 164.4824000862751
11.857 164.9773200865347
11.868 165.4768400867968
11.879 165.9700800870555
11.89 166.4655600873154
11.901 166.9692000875795
11.912 167.467720087841
11.923 167.9689600881039
11.934 168.4585600883607
11.945 168.9564400886219
11.956 169.4456000888785
11.967 169.9382400891369
11.978 170.4267200893931
11.989 170.9208400896522
