Curve Ar -  Ar
1.0 0.0
1.011 0.0
1.022 0.0
1.033 0.0
1.044 0.0
1.055 0.0
1.066 0.0
1.077 0.0
1.088 0.0
1.099 0.0
1.11 0.0
1.121 0.0
1.132 0.0
1.143 0.0
1.154 0.0
1.165 0.0
1.176 0.0
1.187 0.0
1.198 0.0
1.209 0.0
1.22 0.0
1.231 0.0
1.242 0.0
1.253 0.0
1.264 0.0
1.275 0.0
1.286 0.0
1.297 0.0
1.308 0.0
1.319 0.0
1.33 0.0
1.341 0.0
1.352 0.0
1.363 0.0
1.374 0.0
1.385 0.0
1.396 0.0
1.407 0.0
1.418 0.0
1.429 0.0
1.44 0.0
1.451 0.0
1.462 0.0
1.473 0.0
1.484 0.0
1.495 0.0
1.506 0.0
1.517 0.0
1.528 0.0
1.539 0.0
1.55 0.0
1.561 0.0
1.572 0.0
1.583 0.0
1.594 0.0
1.605 0.0
1.616 0.0
1.627 0.0
1.638 0.0
1.649 0.0
1.66 0.0
1.671 0.0
1.682 0.0
1.693 0.0
1.704 0.0
1.715 0.0
1.726 0.0
1.737 0.0
1.748 0.0
1.759 0.0
1.77 0.0
1.781 0.0
1.792 0.0
1.803 0.0
1.814 0.0
1.825 0.0
1.836 0.0
1.847 0.0
1.858 0.0
1.869 0.0
1.88 0.0
1.891 0.0
1.902 0.0
1.913 0.0
1.924 0.0
1.935 0.0
1.946 0.0
1.957 0.0
1.968 0.0
1.979 0.0
1.99 0.0
2.001 0.0
2.012 0.0
2.023 0.0
2.034 0.0
2.045 0.0
2.056 0.0
2.067 0.0
2.078 0.0
2.089 0.0
2.1 0.0
2.111 0.0
2.121999999999999 0.0
2.133 0.0
2.144 0.0
2.155 0.0
2.165999999999999 0.0
2.177 0.0
2.188 0.0
2.199 0.0
2.21 0.0
2.221 0.0
2.232 0.0
2.243 0.0
2.254 0.0
2.265 0.0
2.276 0.0
2.287 0.0
2.298 0.0
2.309 0.0
2.32 0.0
2.331 0.0
2.342 0.0
2.353 0.0
2.364 0.0
2.375 0.0
2.386 0.0
2.397 0.0
2.408 0.0
2.419 0.0
2.43 0.0
2.441 0.0
2.452 0.0
2.463 0.0
2.474 0.0
2.485 0.0
2.496 0.0
2.507 0.0
2.518 0.0
2.529 0.0
2.54 0.0
2.551 0.0
2.561999999999999 0.0
2.573 0.0
2.584 0.0
2.595 0.0
2.605999999999999 0.0
2.617 0.0
2.628 0.0
2.639 0.0
2.649999999999999 0.0
2.661 0.0
2.672 0.0
2.683 0.0
2.694 0.0
2.705 0.0
2.716 0.0
2.727 0.0
2.738 0.0
2.749 0.0
2.76 0.0
2.771 0.0
2.782 0.0
2.793 0.0
2.804 0.0
2.815 0.0
2.826 0.0
2.837 0.0
2.848 0.0
2.859 0.0
2.87 0.0
2.881 0.0
2.892 0.0
2.903 0.0
2.914 0.0
2.925 0.0
2.936 0.0
2.947 0.0
2.958 0.0
2.969 0.0
2.98 0.0
2.991 0.0
3.001999999999999 0.0
3.013 0.0
3.024 0.0
3.035 0.0
3.045999999999999 0.0
3.057 0.001505079352325595
3.068 0.0
3.079 0.00148372409522359
3.089999999999999 0.001473216505520669
3.101 0.004388460427337938
3.112 0.0029050668833775
3.123 0.002884709732685497
3.133999999999999 0.005729131625328765
3.145 0.01137852862281301
3.156 0.01553698215101363
3.167 0.01683230410013346
3.177999999999999 0.02228851081929089
3.189 0.03181983972391604
3.2 0.04946431486922503
3.211 0.08597250591709799
3.222 0.1084298073549582
3.233 0.115772888398916
3.244 0.1203401731496049
3.255 0.167343286021931
3.266 0.2150328594266147
3.277 0.2384942312268006
3.288 0.3084990445508929
3.299 0.386620883712973
3.31 0.4405817232455927
3.321 0.5435878262153111
3.332 0.584383951347399
3.343 0.715306757058587
3.354 0.7719428257173987
3.365 0.8663592379002181
3.376 0.949655428020016
3.387 1.06253012324022
3.398 1.123950091472981
3.409 1.293567658757349
3.42 1.361103896350472
3.431 1.424164440800737
3.441999999999999 1.558873185573525
3.453 1.611561906287664
3.464 1.698748367613196
3.475 1.83143507714922
3.485999999999999 1.974005844730495
3.497 2.065253551768154
3.508 2.07753055063367
3.519 2.216946991431478
3.529999999999999 2.35911302936616
3.541 2.374841151942156
3.552 2.371359498507579
3.563 2.48321947520316
3.573999999999999 2.482333764595392
3.585 2.654508720558327
3.596 2.625276397995189
3.607 2.699164991928851
3.617999999999999 2.688205269830612
3.629 2.801358124625906
3.64 2.835517080686833
3.651 2.916754221532557
3.661999999999999 2.837354475944466
3.673 2.735885302207525
3.684 2.966575312802464
3.695 2.790143550190178
3.706 2.937714673543034
3.717 2.926519980342337
3.728 2.827244587779759
3.739 2.852993761220803
3.75 2.790259231407194
3.761 2.854660286260069
3.772 2.653959186201224
3.783 2.808855670337264
3.794 2.73295022434738
3.805 2.804774941798721
3.816 2.609727303653087
3.827 2.733280740461841
3.838 2.601016997218111
3.849 2.570049835487703
3.86 2.526156309102824
3.871 2.508100134921479
3.882 2.526663151242341
3.893 2.333980391746993
3.904 2.431797589871165
3.915 2.445763122829737
3.925999999999999 2.36722229747913
3.937 2.284973110959273
3.948 2.331043870336881
3.959 2.248033540600125
3.969999999999999 2.216855746997359
3.981 2.238436449089045
3.992 2.110334734722978
4.003 2.112852321232393
4.013999999999999 1.959657597241303
4.024999999999999 2.05770225524221
4.036 1.988578185273885
4.047 1.816076991857276
4.058 1.920927942696147
4.069 1.89186108904643
4.08 1.82668048776895
4.090999999999999 1.757961220838743
4.101999999999999 1.826452385753515
4.113 1.746751905318512
4.124 1.703500208067829
4.135 1.758757360427356
4.145999999999999 1.683057714266967
4.157 1.625256780304783
4.168 1.58750898419007
4.178999999999999 1.540451363238459
4.19 1.517143111351121
4.201 1.518013033008947
4.212 1.447359173912934
4.223 1.440638675467036
4.233999999999999 1.407238635914867
4.245 1.458631895653732
4.256 1.385762300244115
4.266999999999999 1.328329541996347
4.278 1.344628324181371
4.288999999999999 1.329329603477748
4.3 1.295874619647366
4.311 1.27563543518844
4.321999999999999 1.251812017091
4.333 1.219204340536039
4.344 1.242184308724893
4.355 1.185395660529221
4.366 1.162437353085265
4.376999999999999 1.110999383352968
4.388 1.149375238919736
4.399 1.153118246573994
4.409999999999999 1.127092271835112
4.421 1.086164431320793
4.431999999999999 1.047780562902847
4.443 1.048324507091863
4.454 1.028242885030918
4.464999999999999 1.042994391274686
4.476 0.9780763766851636
4.486999999999999 1.037017928415201
4.497999999999999 0.9957306294741846
4.509 0.9756349199859683
4.52 0.9336407109329968
4.531 0.9483519187329346
4.542 1.040134400811211
4.552999999999999 0.9256290202280172
4.564 0.9225369449695239
4.574999999999999 0.916769450384346
4.585999999999999 0.9123872887248934
4.597 0.9293863378836017
4.608 0.8625481240873721
4.619 0.8326810314150599
4.629999999999999 0.8451817275550016
4.640999999999999 0.8771936812941633
4.652 0.8430892539989198
4.662999999999999 0.8112412059629318
4.673999999999999 0.7809734831485521
4.685 0.8087972427287734
4.696 0.7820025492635435
4.707 0.8057270442325325
4.717999999999999 0.7513048101969089
4.728999999999999 0.8052010310363711
4.74 0.7682126695427549
4.750999999999999 0.744051656233735
4.762 0.7710968426074214
4.773 0.7198922217855621
4.784 0.6888659030933408
4.795 0.7771040821916462
4.805999999999999 0.7131151426085057
4.816999999999999 0.6971062932973923
4.827999999999999 0.6969656000595585
4.839 0.740181990659996
4.85 0.7122546724013771
4.861 0.7179945975943953
4.872 0.676737720084982
4.883 0.6666012050431182
4.893999999999999 0.683046191563501
4.904999999999999 0.6600620296422747
4.915999999999999 0.6512821545488616
4.927 0.6960248658192705
4.938 0.6750035498972234
4.949 0.6420688828152988
4.96 0.6724818915478397
4.970999999999999 0.668374014994756
4.981999999999999 0.6387240771877867
4.992999999999999 0.6670360583483471
5.004 0.6725623633237316
5.015 0.6079311852314295
5.025999999999999 0.6091874633435175
5.037 0.6165424190554838
5.048 0.6675565436576156
5.058999999999999 0.6563960383437707
5.069999999999999 0.6491670427271068
5.081 0.6261493528699038
5.092 0.6430377189611943
5.103 0.6110232849003501
5.113999999999999 0.6391469477623763
5.125 0.6589684788409674
5.136 0.65455054636854
5.146999999999999 0.6325922593964788
5.157999999999999 0.620358740851242
5.168999999999999 0.6055834625506553
5.18 0.5856703545607774
5.191 0.6093718569158356
5.201999999999999 0.606281579362616
5.213 0.625014738800499
5.224 0.6482376819070036
5.234999999999999 0.6408891029455053
5.246 0.5982256226719053
5.256999999999999 0.5788841123418534
5.268 0.6079921389027163
5.279 0.588254004632926
5.289999999999999 0.6074933760489056
5.301 0.6145191108394799
5.311999999999999 0.5949824250289882
5.323 0.5900413337611892
5.334 0.6357153740836725
5.344999999999999 0.6202669072635896
5.356 0.6290388407588769
5.366999999999999 0.6127535306658579
5.377999999999999 0.6219621067803891
5.389 0.6199165959835102
5.399999999999999 0.6265919469340295
5.411 0.5975479586244262
5.422 0.6479245963423883
5.432999999999999 0.6410068243795031
5.444 0.6208092653018936
5.454999999999999 0.6595655802293788
5.465999999999999 0.6488904152796182
5.477 0.622302788726243
5.488 0.6170046598515916
5.499 0.6318086610222068
5.509999999999999 0.6418422368026374
5.520999999999999 0.6221642236781654
5.532 0.6077091305571768
5.542999999999999 0.6319413759949163
5.553999999999999 0.6353924013492896
5.565 0.6734401610788409
5.576 0.6553600426943167
5.587 0.6419373787389167
5.597999999999999 0.6358196199098607
5.608999999999999 0.6597967165889495
5.62 0.695644997334345
5.630999999999999 0.6426450075001088
5.641999999999999 0.7172831929386013
5.653 0.6756395280049119
5.664 0.6989760157549287
5.675 0.6511412473168164
5.685999999999999 0.6826756589723959
5.696999999999999 0.6783077480487806
5.707999999999999 0.6479798617264416
5.718999999999999 0.6769924230489917
5.73 0.6774094140841025
5.741 0.6821001255272321
5.752 0.7033856840067741
5.763 0.6722379536002167
5.773999999999999 0.7149785806662617
5.784999999999999 0.7312442227794104
5.795999999999999 0.7188138987229403
5.806999999999999 0.7207021567195271
5.818 0.7363303422825089
5.829 0.7451897161840347
5.84 0.7394936765736402
5.850999999999999 0.7569220502612516
5.861999999999999 0.7290351433408978
5.872999999999999 0.75168162955744
5.883999999999999 0.7554016147802511
5.895 0.766399342189259
5.905999999999999 0.7522225692832453
5.917 0.7639464775484016
5.928 0.7651356505688027
5.938999999999999 0.7987239625188701
5.949999999999999 0.7742497794479659
5.960999999999999 0.8019860779711214
5.972 0.7562977176270402
5.983 0.8252886255272601
5.993999999999999 0.7935886619013938
6.005 0.806346441327807
6.016 0.8174458696287792
6.026999999999999 0.8405052112453695
6.037999999999999 0.8482918938119085
6.048999999999999 0.8618030541415367
6.06 0.84330808861536
6.071 0.8249411651522093
6.081999999999999 0.8467692030857471
6.093 0.8486629619954892
6.104 0.8759211549603779
6.114999999999999 0.8999582748598079
6.125999999999999 0.898615719791628
6.136999999999999 0.9040234461956864
6.148 0.8888462761757512
6.159 0.8860519296857009
6.169999999999999 0.8973626454912922
6.181 0.9348215904842159
6.191999999999999 0.9153088686744518
6.202999999999999 0.9454575387666737
6.214 0.9446782277920335
6.224999999999999 0.9402555377087102
6.236 0.9340430272409164
6.246999999999999 0.9691069416197081
6.257999999999999 0.9444410601735547
6.269 0.9260485028457552
6.279999999999999 0.9288981548807317
6.290999999999999 0.9788077914999594
6.302 0.9746888101444339
6.312999999999999 1.004244470460722
6.324 0.9767558682575723
6.334999999999999 0.9870920168957746
6.345999999999999 1.038016107898099
6.357 1.013821289963081
6.367999999999999 1.044446403643762
6.379 1.003035914957844
6.389999999999999 1.047306327331334
6.400999999999999 1.009603160404481
6.412 1.066928994748936
6.422999999999999 1.089292802124
6.433999999999999 1.034078388991494
6.445 1.084260778308247
6.456 1.057879912764434
6.467 1.113030763652272
6.477999999999999 1.082681210528234
6.488999999999999 1.084049465719358
6.5 1.064683415572623
6.510999999999999 1.094066936054008
6.521999999999999 1.117603899447021
6.532999999999999 1.073159742556418
6.544 1.119016665021331
6.555 1.120199444181553
6.565999999999999 1.119730545108584
6.576999999999999 1.130356455592474
6.588 1.160099368856811
6.598999999999999 1.136787007120667
6.609999999999999 1.121702134534126
6.621 1.148260981450638
6.632 1.158907585302317
6.643 1.128841823959576
6.653999999999999 1.151907331822729
6.664999999999999 1.118553392212865
6.675999999999999 1.151943919144086
6.686999999999999 1.15321581835134
6.698 1.171154508660774
6.709 1.179244577760035
6.72 1.146626137226673
6.730999999999999 1.143510939788013
6.741999999999999 1.19415303830445
6.752999999999999 1.179744295993587
6.763999999999999 1.17468194395824
6.774999999999999 1.194872646005192
6.786 1.173529552651083
6.797 1.194498391574944
6.808 1.186382343711381
6.818999999999999 1.200481620592083
6.829999999999999 1.212667874333776
6.840999999999999 1.194595574615864
6.851999999999999 1.194980107257062
6.863 1.190259234435672
6.873999999999999 1.25459818080038
6.885 1.240470165712102
6.896 1.240976528752472
6.906999999999999 1.220160553183933
6.917999999999999 1.203601418912624
6.928999999999998 1.222731757212778
6.94 1.198926727415153
6.951 1.226707554207502
6.961999999999999 1.212642692101082
6.973 1.261396078123415
6.984 1.253668076513488
6.994999999999999 1.264165555317967
7.005999999999999 1.215896611233019
7.016999999999999 1.206643880680497
7.028 1.233469226219596
7.039 1.250430357616263
7.049999999999999 1.243980127674105
7.061 1.259374985311972
7.071999999999999 1.235417310058811
7.082999999999999 1.258332064315351
7.093999999999999 1.256403212740762
7.104999999999999 1.2555993373525
7.116 1.261209254399439
7.127 1.265388422638277
7.137999999999999 1.243757131126231
7.149 1.260111301013465
7.159999999999999 1.275257376125993
7.170999999999999 1.250755245989488
7.181999999999999 1.225301675723579
7.192999999999999 1.281617109883669
7.204 1.245327140985992
7.214999999999999 1.25239116172344
7.225999999999999 1.277258924541214
7.237 1.247226920279678
7.247999999999999 1.217370949331289
7.258999999999999 1.25550420925631
7.269999999999999 1.234877889980259
7.280999999999999 1.270852558163305
7.292 1.195574160046458
7.302999999999999 1.261365005131688
7.313999999999999 1.246754180399162
7.325 1.225381017634839
7.335999999999999 1.247697216191665
7.347 1.207074279513023
7.357999999999999 1.216517640148743
7.368999999999999 1.208211883837741
7.38 1.241443992800249
7.390999999999999 1.19095644916108
7.401999999999999 1.196189783155074
7.412999999999999 1.210383159120229
7.423999999999999 1.182714355077954
7.435 1.199919560035516
7.445999999999999 1.219056303132675
7.456999999999999 1.188796021340193
7.468 1.163773751679405
7.478999999999999 1.163893334751319
7.489999999999999 1.184653672859768
7.500999999999999 1.183195174132062
7.512 1.152703519826594
7.523 1.152334995382253
7.533999999999999 1.156194304412111
7.544999999999999 1.147867707800352
7.555999999999999 1.151460433752643
7.566999999999999 1.144419578564518
7.577999999999999 1.13520085124844
7.589 1.132162390774198
7.6 1.122044480568621
7.610999999999999 1.141242857757809
7.621999999999999 1.110722779745108
7.632999999999999 1.164989855535432
7.643999999999999 1.061314844189355
7.654999999999999 1.083341915308133
7.665999999999999 1.092739038238459
7.677 1.077869657828551
7.688 1.081961889446155
7.698999999999999 1.086264716282502
7.709999999999999 1.056080573190004
7.720999999999999 1.072746020631382
7.731999999999999 1.056467787792699
7.742999999999999 1.040277542331705
7.753999999999999 1.030283598035418
7.765 1.066028955641247
7.776 1.060683008732846
7.786999999999999 1.023911748333204
7.797999999999999 1.023119996905134
7.808999999999998 1.029510197037856
7.819999999999999 1.043483896016653
7.831 1.051846435694574
7.841999999999999 1.017889568180997
7.853 1.072771572404988
7.864 0.9939351895947605
7.874999999999999 0.9929867007417423
7.885999999999999 1.003170834055337
7.896999999999998 1.005139212077973
7.907999999999999 1.003930093582447
7.919 0.9799704737731787
7.929999999999999 0.9866930014788792
7.941 0.9850852839268753
7.951999999999999 0.9584599475223085
7.962999999999999 0.9687398855993502
7.973999999999999 0.9776264520374447
7.984999999999999 0.9541102532991792
7.996 0.9799954866367683
8.007 0.9497630612494236
8.017999999999999 0.9401301328232462
8.029 0.9564070148426002
8.039999999999999 0.9441787067445474
8.050999999999998 0.9392063384668284
8.061999999999999 0.9425176179309254
8.072999999999999 0.9230455986983188
8.084 0.919673955578508
8.094999999999999 0.9279598205688206
8.106 0.9529689887728807
8.116999999999999 0.9276608609772621
8.128 0.9260104928239765
8.138999999999999 0.9175406140474381
8.149999999999999 0.9261296266561648
8.161 0.8905449120384911
8.171999999999999 0.9281381847620251
8.183 0.9085570750867669
8.193999999999999 0.9128564432483383
8.205 0.904537377089796
8.215999999999999 0.9058877062016027
8.226999999999999 0.920170103833861
8.238 0.8850312509746477
8.248999999999999 0.8876589429154572
8.26 0.9039373152703153
8.270999999999999 0.8763401061125758
8.281999999999998 0.8886421696271385
8.292999999999999 0.8848513119755813
8.304 0.8648901547253964
8.315 0.8695546056939411
8.325999999999999 0.877656413699748
8.336999999999998 0.8783942696580579
8.347999999999999 0.8635134331604413
8.359 0.8729738630608834
8.369999999999999 0.8749192555882683
8.381 0.8442637204391498
8.391999999999999 0.8639237370895326
8.402999999999999 0.8630670791492655
8.414 0.8546276750295432
8.424999999999999 0.8663349853875105
8.436 0.870433636956864
8.446999999999999 0.8717356058252868
8.457999999999998 0.8669048317268689
8.468999999999999 0.875098537642268
8.479999999999999 0.845912772455611
8.491 0.8458811424037387
8.501999999999999 0.8519067660471683
8.512999999999998 0.8840253973097708
8.523999999999999 0.8525769813236241
8.534999999999998 0.8434005246823519
8.545999999999999 0.8540029546528901
8.557 0.8576009294422802
8.568 0.8811960892618547
8.578999999999999 0.8591654819731028
8.589999999999998 0.8550542624618016
8.600999999999999 0.8656692028725913
8.611999999999998 0.8569841453036429
8.622999999999999 0.8627835826877555
8.634 0.8677925182914229
8.645 0.8428992686604644
8.655999999999999 0.8566031067211928
8.667 0.8408883583541285
8.677999999999999 0.8554607854509519
8.688999999999998 0.8553577668591879
8.699999999999999 0.8554392356734019
8.710999999999999 0.8644563719372422
8.722 0.8606082168480208
8.732999999999999 0.8469563565271775
8.744 0.8546250788487876
8.754999999999999 0.8707332349807104
8.765999999999998 0.8634029104569449
8.776999999999999 0.8390467744542297
8.787999999999998 0.8665929801783112
8.798999999999999 0.8662555407381494
8.81 0.8786618729345566
8.821 0.8702996262488566
8.831999999999999 0.866867658682912
8.843 0.8735700161789746
8.853999999999999 0.8759100867500643
8.864999999999998 0.8981957873683123
8.875999999999998 0.8635069433124666
8.886999999999999 0.8715723320088
8.898 0.8631742631541227
8.908999999999999 0.882768691741871
8.92 0.8839700898674872
8.930999999999999 0.8823281191599988
8.941999999999998 0.8780404559171014
8.952999999999999 0.8781788116492859
8.963999999999999 0.9020568171427193
8.975 0.8823053558124853
8.986000000000001 0.8966005962091981
8.997 0.8863811604581369
9.007999999999999 0.8866586016243097
9.018999999999998 0.8912755090070181
9.029999999999999 0.900026905567535
9.040999999999999 0.8931726575709587
9.051999999999998 0.907218489134531
9.062999999999999 0.9125907741237724
9.074 0.9086657990004081
9.084999999999999 0.9100651291990192
9.096 0.9128215506553824
9.106999999999999 0.9228892522984001
9.117999999999999 0.8842886322901506
9.128999999999998 0.9157385070249745
9.139999999999999 0.924027068185639
9.151 0.9174216433703307
9.161999999999999 0.9241459235692964
9.173 0.9294916936994096
9.183999999999999 0.8987841611232643
9.194999999999999 0.9192039606591567
9.206 0.9181785451147703
9.216999999999999 0.9204826498620804
9.227999999999998 0.9332290681268535
9.238999999999999 0.9374681202894716
9.25 0.9174031255376304
9.260999999999999 0.9181938302936461
9.271999999999998 0.9459392913032068
9.282999999999999 0.9392732525795231
9.293999999999999 0.9573427475260782
9.304999999999998 0.9539406506410746
9.315999999999999 0.9440379545882917
9.327 0.9705716184462664
9.337999999999999 0.9582398201500294
9.349 0.9747464329316315
9.359999999999999 0.9781057249441841
9.370999999999999 0.9799980809169424
9.382 0.9661431414735334
9.392999999999999 0.9834278450826326
9.403999999999998 0.9525235446231408
9.414999999999997 0.9518961464738186
9.426 0.9929467590768601
9.436999999999999 0.9679411927356303
9.447999999999999 0.9823165172895785
9.459 0.9719794108307077
9.469999999999999 0.956801942000812
9.480999999999998 0.9990836684073713
9.491999999999999 1.004772601263275
9.503 0.9933729105815146
9.513999999999999 0.9813985720264079
9.525 0.9922220464100777
9.536 1.016670945433962
9.546999999999999 1.036972834202843
9.557999999999998 1.012001481708934
9.568999999999999 1.012766034911788
9.579999999999998 1.016142550508929
9.590999999999998 1.015044949129384
9.602 1.028053634690406
9.613 1.042223854167099
9.623999999999999 1.015581381058743
9.635 1.00930775985288
9.645999999999999 1.03237865286927
9.656999999999998 1.036093332628789
9.667999999999997 1.032983570159207
9.679 1.026716836574444
9.69 1.032970247920217
9.700999999999999 1.0297304843071
9.712 1.041038607285106
9.722999999999999 1.070683471344976
9.733999999999998 1.064538230741272
9.744999999999999 1.029989078246212
9.755999999999998 1.0447486887439
9.766999999999998 1.04536284642691
9.778 1.050258981443021
9.789 1.065013602276379
9.799999999999999 1.038048011452863
9.811 1.0520244322131
9.821999999999999 1.045569416618463
9.832999999999998 1.041625892668323
9.843999999999998 1.062932339798463
9.855 1.053286356713662
9.866 1.069965114551762
9.876999999999999 1.055704468535066
9.888 1.045118859149252
9.898999999999999 1.076122289410838
9.909999999999998 1.072585830463846
9.920999999999999 1.079402595609978
9.931999999999999 1.072430133420914
9.942999999999998 1.083215339795394
9.954000000000001 1.056714938520723
9.965 1.087980438686751
9.975999999999999 1.073938091683829
9.986999999999998 1.053577288910621
9.997999999999999 1.093120965232217
10.009 1.070121253688785
10.02 1.065522858426266
10.031 1.082857678164201
10.042 1.057920647303719
10.053 1.084842404444577
10.064 1.075636071212692
10.075 1.079140126759955
10.086 1.06650717129624
10.097 1.068346877358497
10.108 1.064226801863094
10.119 1.077102821798176
10.13 1.080553135680822
10.141 1.071202472612107
10.152 1.079994808120703
10.163 1.071638737038264
10.174 1.084347653889723
10.185 1.072197538989043
10.196 1.080902137943272
10.207 1.074776903359763
10.218 1.067321548800559
10.229 1.060976568240118
10.24 1.066385238900919
10.251 1.080108902587421
10.262 1.092831706858455
10.273 1.099067986167973
10.284 1.09043832622101
10.295 1.089045490961063
10.306 1.070619894411735
10.317 1.082949878737386
10.328 1.061297404739218
10.339 1.082318369521044
10.35 1.084904246744278
10.361 1.077731838201047
10.372 1.077289220741104
10.383 1.070420653057233
10.394 1.076533221616904
10.405 1.071518512224021
10.416 1.074470983721307
10.427 1.065706152632179
10.438 1.083964654124561
10.449 1.078060529923609
10.46 1.081352670421093
10.471 1.063740626595247
10.482 1.061897523068019
10.493 1.067892124596348
10.504 1.076165674480769
10.515 1.046171421667477
10.526 1.08481891486404
10.537 1.072880423543965
10.548 1.057685620824266
10.559 1.045087718216504
10.57 1.065312907780432
10.581 1.050979049678314
10.592 1.049933630506307
10.603 1.057315611811143
10.614 1.049103916653242
10.625 1.070102843659513
10.636 1.068142767605912
10.647 1.054590004889374
10.658 1.072080867422504
10.669 1.046896280608256
10.68 1.045486757433025
10.691 1.055460441750348
10.702 1.066255043131914
10.713 1.048547508727338
10.724 1.0583241798018
10.735 1.046344149494531
10.746 1.04800061095662
10.757 1.018858770964816
10.768 1.040556827350006
10.779 1.05425498359144
10.79 1.041543915810178
10.801 1.038213809564992
10.812 1.0400955607328
10.823 1.040036398818582
10.834 1.035879997211195
10.845 1.030896847267008
10.856 1.045245937593413
10.867 1.031879251942679
10.878 1.047717463535218
10.889 1.040118892779487
10.9 1.043258671936535
10.911 1.039139412409485
10.922 1.02839749391124
10.933 1.019943995920439
10.944 1.042686078456115
10.955 1.02198167540416
10.966 1.030515908191501
10.977 1.010149177890756
10.988 1.035180230305364
10.999 1.014647645594692
11.01 1.010057262483419
11.021 1.004202735557612
11.032 1.011729130266663
11.043 1.021310502411004
11.054 1.008404240586013
11.065 0.9953162507904935
11.076 1.02365304392164
11.087 1.016908922746777
11.098 1.026145895030799
11.109 0.9876843650990434
11.12 1.00517116803895
11.131 1.000562774925473
11.142 1.011573567894948
11.153 0.9998058498125914
11.164 1.012926347334131
11.175 0.9933861678682977
11.186 1.008836841073089
11.197 0.9937756524996166
11.208 0.9967802404782036
11.219 0.9989848181815147
11.23 0.9905280229038038
11.241 0.9963130359414812
11.252 0.975494554766894
11.263 0.9894190486806619
11.274 0.9863787103733775
11.285 1.002000530732626
11.296 0.9815467739856757
11.307 0.9914732995196917
11.318 0.9868997743880678
11.329 0.9871893844511686
11.34 0.9848371785534663
11.351 0.9924784651525264
11.362 0.9859594155610329
11.373 0.9697346492156659
11.384 0.976482545389888
11.395 0.9687197366963204
11.406 0.9718534301118613
11.417 0.9823495687409584
11.428 0.967144402041069
11.439 0.9677723725860348
11.45 0.9706610273615112
11.461 0.9748285626394537
11.472 0.9743585055942319
11.483 0.9652026031032693
11.494 0.9496582466264898
11.505 0.9573521910374261
11.516 0.9687467411621417
11.527 0.9522149913632725
11.538 0.9675023928177791
11.549 0.9634357523362119
11.56 0.9532458169041524
11.571 0.952280863067985
11.582 0.9571153583581479
11.593 0.9564589290987962
11.604 0.9397367006698474
11.615 0.9442479662002417
11.626 0.9517742968069339
11.637 0.967623812504036
11.648 0.9569401846538218
11.659 0.9560732394112712
11.67 0.9601915542013293
11.681 0.9545513085631459
11.692 0.9589639460724393
11.703 0.9666621019961408
11.714 0.952586324554907
11.725 0.9639670442513937
11.736 0.9498429311432629
11.747 0.9590309962750182
11.758 0.9551934992164979
11.769 0.9456516649992157
11.78 0.9556064184307417
11.791 0.9480285050393157
11.802 0.9376345993324287
11.813 0.9524077394381762
11.824 0.9582238237558264
11.835 0.9430180898825312
11.846 0.9482221414663805
11.857 0.9428443052703381
11.868 0.9577644620052828
11.879 0.9449701539192608
11.89 0.9405234627148201
11.901 0.936191416404343
11.912 0.9520040550043636
11.923 0.9367217660827378
11.934 0.9681596011415942
11.945 0.9339713905590677
11.956 0.9605473014795753
11.967 0.9460461683228635
11.978 0.9432267866863729
11.989 0.9578294401609168
Curve Coordination Number
1.0 0.0
1.011 0.0
1.022 0.0
1.033 0.0
1.044 0.0
1.055 0.0
1.066 0.0
1.077 0.0
1.088 0.0
1.099 0.0
1.11 0.0
1.121 0.0
1.132 0.0
1.143 0.0
1.154 0.0
1.165 0.0
1.176 0.0
1.187 0.0
1.198 0.0
1.209 0.0
1.22 0.0
1.231 0.0
1.242 0.0
1.253 0.0
1.264 0.0
1.275 0.0
1.286 0.0
1.297 0.0
1.308 0.0
1.319 0.0
1.33 0.0
1.341 0.0
1.352 0.0
1.363 0.0
1.374 0.0
1.385 0.0
1.396 0.0
1.407 0.0
1.418 0.0
1.429 0.0
1.44 0.0
1.451 0.0
1.462 0.0
1.473 0.0
1.484 0.0
1.495 0.0
1.506 0.0
1.517 0.0
1.528 0.0
1.539 0.0
1.55 0.0
1.561 0.0
1.572 0.0
1.583 0.0
1.594 0.0
1.605 0.0
1.616 0.0
1.627 0.0
1.638 0.0
1.649 0.0
1.66 0.0
1.671 0.0
1.682 0.0
1.693 0.0
1.704 0.0
1.715 0.0
1.726 0.0
1.737 0.0
1.748 0.0
1.759 0.0
1.77 0.0
1.781 0.0
1.792 0.0
1.803 0.0
1.814 0.0
1.825 0.0
1.836 0.0
1.847 0.0
1.858 0.0
1.869 0.0
1.88 0.0
1.891 0.0
1.902 0.0
1.913 0.0
1.924 0.0
1.935 0.0
1.946 0.0
1.957 0.0
1.968 0.0
1.979 0.0
1.99 0.0
2.001 0.0
2.012 0.0
2.023 0.0
2.034 0.0
2.045 0.0
2.056 0.0
2.067 0.0
2.078 0.0
2.089 0.0
2.1 0.0
2.111 0.0
2.121999999999999 0.0
2.133 0.0
2.144 0.0
2.155 0.0
2.165999999999999 0.0
2.177 0.0
2.188 0.0
2.199 0.0
2.21 0.0
2.221 0.0
2.232 0.0
2.243 0.0
2.254 0.0
2.265 0.0
2.276 0.0
2.287 0.0
2.298 0.0
2.309 0.0
2.32 0.0
2.331 0.0
2.342 0.0
2.353 0.0
2.364 0.0
2.375 0.0
2.386 0.0
2.397 0.0
2.408 0.0
2.419 0.0
2.43 0.0
2.441 0.0
2.452 0.0
2.463 0.0
2.474 0.0
2.485 0.0
2.496 0.0
2.507 0.0
2.518 0.0
2.529 0.0
2.54 0.0
2.551 0.0
2.561999999999999 0.0
2.573 0.0
2.584 0.0
2.595 0.0
2.605999999999999 0.0
2.617 0.0
2.628 0.0
2.639 0.0
2.649999999999999 0.0
2.661 0.0
2.672 0.0
2.683 0.0
2.694 0.0
2.705 0.0
2.716 0.0
2.727 0.0
2.738 0.0
2.749 0.0
2.76 0.0
2.771 0.0
2.782 0.0
2.793 0.0
2.804 0.0
2.815 0.0
2.826 0.0
2.837 0.0
2.848 0.0
2.859 0.0
2.87 0.0
2.881 0.0
2.892 0.0
2.903 0.0
2.914 0.0
2.925 0.0
2.936 0.0
2.947 0.0
2.958 0.0
2.969 0.0
2.98 0.0
2.991 0.0
3.001999999999999 0.0
3.013 0.0
3.024 0.0
3.035 0.0
3.045999999999999 0.0
3.057 4.0000000020981e-05
3.068 4.0000000020981e-05
3.079 8.000000004196199e-05
3.089999999999999 0.000120000000062943
3.101 0.000240000000125886
3.112 0.000320000000167848
3.123 0.0004000000002098099
3.133999999999999 0.000560000000293734
3.145 0.0008800000004615819
3.156 0.001320000000692373
3.167 0.001800000000944145
3.177999999999999 0.002440000001279841
3.189 0.003360000001762404
3.2 0.00480000000251772
3.211 0.007320000003839523
3.222 0.010520000005518
3.233 0.01396000000732237
3.244 0.01756000000921066
3.255 0.02260000001185426
3.266 0.02912000001527416
3.277 0.03640000001909271
3.288 0.04588000002406521
3.299 0.05784000003033853
3.31 0.07156000003753502
3.321 0.08860000004647292
3.332 0.1070400000561452
3.343 0.1297600000680624
3.354 0.1544400000810077
3.365 0.1823200000956314
3.376 0.2130800001117658
3.387 0.2477200001299353
3.398 0.2846000001492798
3.409 0.3273200001716875
3.42 0.372560000195417
3.431 0.4202000002204054
3.441999999999999 0.4726800002479324
3.453 0.5272800002765715
3.464 0.585200000306952
3.475 0.6480400003399132
3.485999999999999 0.7162000003756648
3.497 0.7879600004133046
3.508 0.8606000004514061
3.519 0.938600000492319
3.529999999999999 1.022120000536127
3.541 1.106720000580502
3.552 1.191720000625087
3.563 1.281280000672063
3.573999999999999 1.371360000719313
3.585 1.46828000077015
3.596 1.564720000820735
3.607 1.664480000873061
3.617999999999999 1.764440000925493
3.629 1.869240000980463
3.64 1.97596000103644
3.651 2.086400001094369
3.661999999999999 2.19448000115106
3.673 2.299320001206051
3.684 2.413680001266036
3.695 2.521880001322789
3.706 2.6364800013829
3.717 2.751320001443136
3.728 2.862920001501673
3.739 2.976200001561091
3.75 3.087640001619544
3.761 3.202320001679697
3.772 3.309560001735947
3.783 3.423720001795826
3.794 3.535440001854426
3.805 3.650760001914914
3.816 3.758680001971521
3.827 3.872360002031149
3.838 3.981160002088217
3.849 4.089280002144929
3.86 4.19616000220099
3.871 4.302880002256968
3.882 4.41100000231368
3.893 4.511440002366363
3.904 4.616680002421564
3.915 4.723120002477394
3.925999999999999 4.826720002531735
3.937 4.927280002584481
3.948 5.030440002638591
3.959 5.130480002691065
3.969999999999999 5.229680002743097
3.981 5.330400002795928
3.992 5.42588000284601
4.003 5.522000002896427
4.013999999999999 5.611640002943446
4.024999999999999 5.706280002993087
4.036 5.798240003041323
4.047 5.882680003085613
4.058 5.972480003132715
4.069 6.061400003179356
4.08 6.147720003224634
4.090999999999999 6.231240003268442
4.101999999999999 6.318480003314201
4.113 6.402360003358198
4.124 6.484600003401335
4.135 6.569960003446108
4.145999999999999 6.652080003489182
4.157 6.731800003530997
4.168 6.810080003572057
4.178999999999999 6.886440003612109
4.19 6.962040003651763
4.201 7.038080003691649
4.212 7.110960003729876
4.223 7.183880003768125
4.233999999999999 7.255480003805681
4.245 7.33008000384481
4.256 7.401320003882176
4.266999999999999 7.46996000391818
4.278 7.539800003954813
4.288999999999999 7.609200003991215
4.3 7.677200004026883
4.311 7.744480004062173
4.321999999999999 7.81084000409698
4.333 7.875800004131054
4.344 7.942320004165945
4.355 8.00612000419941
4.366 8.069000004232391
4.376999999999999 8.129400004264074
4.388 8.192200004297014
4.399 8.255520004330227
4.409999999999999 8.317720004362853
4.421 8.377960004394449
4.431999999999999 8.436360004425081
4.443 8.495080004455881
4.454 8.552960004486239
4.464999999999999 8.61196000451719
4.476 8.667560004546354
4.486999999999999 8.726800004577427
4.497999999999999 8.783960004607408
4.509 8.840240004636925
4.52 8.894360004665312
4.531 8.949600004694288
4.542 9.010480004726221
4.552999999999999 9.064920004754775
4.564 9.119440004783373
4.574999999999999 9.173880004811927
4.585999999999999 9.228320004840482
4.597 9.284040004869711
4.608 9.336000004896965
4.619 9.3864000049234
4.629999999999999 9.437800004950361
4.640999999999999 9.491400004978475
4.652 9.543160005005625
4.662999999999999 9.593200005031871
4.673999999999999 9.641600005057258
4.685 9.691960005083676
4.696 9.740880005109336
4.707 9.791520005135897
4.717999999999999 9.83896000516078
4.728999999999999 9.890040005187574
4.74 9.939000005213254
4.750999999999999 9.986640005238243
4.762 10.03624000526426
4.773 10.08276000528866
4.784 10.12748000531212
4.795 10.1781600053387
4.805999999999999 10.2248800053632
4.816999999999999 10.27076000538727
4.827999999999999 10.31684000541144
4.839 10.36600000543723
4.85 10.41352000546215
4.861 10.46164000548739
4.872 10.50720000551129
4.883 10.55228000553493
4.893999999999999 10.59868000555927
4.904999999999999 10.6437200055829
4.915999999999999 10.68836000560631
4.927 10.73628000563145
4.938 10.78296000565593
4.949 10.82756000567933
4.96 10.87448000570394
4.970999999999999 10.92132000572851
4.981999999999999 10.96628000575209
4.992999999999999 11.01344000577683
5.004 11.06120000580188
5.015 11.10456000582462
5.025999999999999 11.14820000584751
5.037 11.19256000587078
5.048 11.24080000589608
5.058999999999999 11.28844000592107
5.069999999999999 11.33576000594589
5.081 11.38160000596993
5.092 11.42888000599473
5.103 11.4740000060184
5.113999999999999 11.52140000604326
5.125 11.570480006069
5.136 11.61944000609468
5.146999999999999 11.66696000611961
5.157999999999999 11.71376000614416
5.168999999999999 11.75964000616822
5.18 11.80420000619159
5.191 11.85076000621602
5.201999999999999 11.89728000624042
5.213 11.94544000626568
5.224 11.99560000629199
5.234999999999999 12.04540000631811
5.246 12.0920800063426
5.256999999999999 12.13744000636639
5.268 12.18528000639148
5.279 12.23176000641586
5.289999999999999 12.27996000644115
5.301 12.32892000646683
5.311999999999999 12.37652000649179
5.323 12.42392000651666
5.334 12.47520000654355
5.344999999999999 12.52544000656991
5.356 12.57660000659674
5.366999999999999 12.62664000662299
5.377999999999999 12.67764000664974
5.389 12.72868000667651
5.399999999999999 12.78048000670368
5.411 12.8300800067297
5.422 12.88408000675802
5.432999999999999 12.93772000678616
5.444 12.98988000681352
5.454999999999999 13.0455200068427
5.465999999999999 13.10048000687153
5.477 13.15340000689929
5.488 13.20608000692692
5.499 13.26024000695533
5.509999999999999 13.3154800069843
5.520999999999999 13.3692400070125
5.532 13.42196000704015
5.542999999999999 13.47700000706902
5.553999999999999 13.53256000709817
5.565 13.59168000712917
5.576 13.64944000715947
5.587 13.70624000718926
5.597999999999999 13.76272000721889
5.608999999999999 13.82156000724975
5.62 13.88384000728242
5.630999999999999 13.94160000731271
5.641999999999999 14.00632000734666
5.653 14.06752000737876
5.664 14.1310800074121
5.675 14.19052000744328
5.685999999999999 14.25308000747609
5.696999999999999 14.31548000750882
5.707999999999999 14.37532000754021
5.718999999999999 14.43808000757313
5.73 14.5011200076062
5.741 14.56484000763962
5.752 14.63080000767422
5.763 14.69408000770741
5.773999999999999 14.76164000774285
5.784999999999999 14.83100000777923
5.795999999999999 14.89944000781513
5.806999999999999 14.96832000785126
5.818 15.03896000788831
5.829 15.11072000792595
5.84 15.18220000796344
5.850999999999999 15.25564000800196
5.861999999999999 15.3266400080392
5.872999999999999 15.40012000807775
5.883999999999999 15.47424000811662
5.895 15.54972000815621
5.905999999999999 15.62408000819522
5.917 15.69988000823498
5.928 15.77608000827495
5.938999999999999 15.85592000831682
5.949999999999999 15.93360000835757
5.960999999999999 16.01436000839993
5.972 16.09080000844002
5.983 16.17452000848394
5.993999999999999 16.25532000852632
6.005 16.33772000856954
6.016 16.42156000861352
6.026999999999999 16.5080800086589
6.037999999999999 16.59572000870487
6.048999999999999 16.68508000875174
6.06 16.77284000879777
6.071 16.85900000884296
6.081999999999999 16.94776000888952
6.093 17.03704000893635
6.104 17.12952000898486
6.114999999999999 17.22488000903488
6.125999999999999 17.320440009085
6.136999999999999 17.41692000913561
6.148 17.51212000918554
6.159 17.6073600092355
6.169999999999999 17.70416000928627
6.181 17.80536000933935
6.191999999999999 17.90480000939151
6.202999999999999 18.00788000944558
6.214 18.1112400094998
6.224999999999999 18.21448000955395
6.236 18.31740000960793
6.246999999999999 18.42456000966414
6.257999999999999 18.52936000971911
6.269 18.6324800097732
6.279999999999999 18.73628000982765
6.290999999999999 18.84604000988522
6.302 18.95572000994275
6.312999999999999 19.06912001000223
6.324 19.17980001006028
6.334999999999999 19.29204001011915
6.345999999999999 19.41048001018128
6.357 19.52656001024217
6.367999999999999 19.64656001030511
6.379 19.76220001036577
6.389999999999999 19.88336001042932
6.400999999999999 20.00056001049079
6.412 20.12484001055598
6.422999999999999 20.25216001062276
6.433999999999999 20.37344001068638
6.445 20.50104001075331
6.456 20.62596001081883
6.467 20.757840010888
6.477999999999999 20.88656001095552
6.488999999999999 21.01588001102335
6.5 21.1433200110902
6.510999999999999 21.27472001115912
6.521999999999999 21.40940001122976
6.532999999999999 21.53916001129782
6.544 21.67492001136903
6.555 21.81128001144056
6.565999999999999 21.94804001151229
6.576999999999999 22.08656001158495
6.588 22.22920001165976
6.598999999999999 22.36944001173332
6.609999999999999 22.50828001180615
6.621 22.65088001188095
6.632 22.79528001195669
6.643 22.93640001203071
6.653999999999999 23.0808800121065
6.664999999999999 23.22164001218033
6.675999999999999 23.36708001225662
6.686999999999999 23.51316001233324
6.698 23.66200001241131
6.709 23.81236001249018
6.72 23.95904001256712
6.730999999999999 24.1058000126441
6.741999999999999 24.25956001272475
6.752999999999999 24.41196001280468
6.763999999999999 24.56420001288453
6.774999999999999 24.71956001296602
6.786 24.87264001304632
6.797 25.02896001312831
6.808 25.18472001321001
6.818999999999999 25.34284001329295
6.829999999999999 25.503080013377
6.840999999999999 25.66144001346006
6.851999999999999 25.82036001354342
6.863 25.97916001362672
6.873999999999999 26.1470800137148
6.885 26.31364001380216
6.896 26.48080001388984
6.906999999999999 26.64568001397632
6.917999999999999 26.8088400140619
6.928999999999998 26.97512001414912
6.94 27.13868001423491
6.951 27.30656001432297
6.961999999999999 27.47304001441029
6.973 27.64676001450142
6.984 27.81996001459227
6.994999999999999 27.99516001468416
7.005999999999999 28.16420001477283
7.016999999999999 28.33248001486109
7.028 28.50504001495161
7.039 28.68052001504365
7.049999999999999 28.85564001513551
7.061 29.03348001522879
7.071999999999999 29.20848001532058
7.082999999999999 29.38728001541436
7.093999999999999 29.56636001550829
7.104999999999999 29.74588001560246
7.116 29.92676001569734
7.127 30.10880001579282
7.137999999999999 30.28828001588696
7.149 30.47068001598263
7.159999999999999 30.65584001607975
7.170999999999999 30.8380000161753
7.181999999999999 31.01700001626919
7.192999999999999 31.20480001636769
7.204 31.3878400164637
7.214999999999999 31.57248001656055
7.225999999999999 31.76136001665962
7.237 31.94636001675666
7.247999999999999 32.12748001685166
7.258999999999999 32.31484001694994
7.269999999999999 32.49968001704689
7.280999999999999 32.69048001714697
7.292 32.87052001724141
7.302999999999999 33.06104001734134
7.313999999999999 33.24992001744042
7.325 33.43612001753808
7.335999999999999 33.62628001763782
7.347 33.81080001773461
7.357999999999999 33.99732001783244
7.368999999999999 34.1831200179299
7.38 34.37460001803034
7.390999999999999 34.55884001812697
7.401999999999999 34.74444001822432
7.412999999999999 34.93280001832313
7.423999999999999 35.11740001841996
7.435 35.30524001851848
7.445999999999999 35.49664001861888
7.456999999999999 35.68384001871707
7.468 35.86764001881347
7.478999999999999 36.05200001891018
7.489999999999999 36.2402000190089
7.500999999999999 36.42872001910778
7.512 36.6129200192044
7.523 36.79760001930126
7.533999999999999 36.98344001939874
7.544999999999999 37.1684800194958
7.555999999999999 37.35464001959345
7.566999999999999 37.54020001969078
7.577999999999999 37.72480001978761
7.589 37.90944001988445
7.6 38.09296001998071
7.610999999999999 38.2801600200789
7.621999999999999 38.46288002017474
7.632999999999999 38.65508002027556
7.643999999999999 38.83068002036766
7.654999999999999 39.01044002046195
7.665999999999999 39.19228002055733
7.677 39.37216002065168
7.688 39.55324002074666
7.698999999999999 39.73556002084229
7.709999999999999 39.91332002093553
7.720999999999999 40.09440002103051
7.731999999999999 40.27324002112432
7.742999999999999 40.44984002121695
7.753999999999999 40.62524002130895
7.765 40.80724002140442
7.776 40.98884002149967
7.786999999999999 41.16464002159188
7.797999999999999 41.34080002168428
7.808999999999998 41.51856002177752
7.819999999999999 41.6992400218723
7.831 41.8818800219681
7.841999999999999 42.05912002206107
7.853 42.24644002215931
7.864 42.4204800222506
7.874999999999999 42.59484002234205
7.885999999999999 42.77148002243471
7.896999999999998 42.94896002252781
7.907999999999999 43.12672002262104
7.919 43.30072002271231
7.929999999999999 43.47640002280446
7.941 43.65228002289671
7.951999999999999 43.82388002298672
7.962999999999999 43.99780002307794
7.973999999999999 44.17380002317026
7.984999999999999 44.34604002326061
7.996 44.52344002335366
8.007 44.69584002344408
8.017999999999999 44.86696002353384
8.029 45.0415200236254
8.039999999999999 45.21432002371604
8.050999999999998 45.38668002380645
8.061999999999999 45.56012002389742
8.072999999999999 45.73044002398676
8.084 45.90060002407601
8.094999999999999 46.07276002416631
8.106 46.2500400242593
8.116999999999999 46.42308002435007
8.128 46.59628002444092
8.138999999999999 46.76836002453118
8.149999999999999 46.94252002462252
8.161 47.1104400247106
8.171999999999999 47.28592002480264
8.183 47.45816002489299
8.193999999999999 47.63168002498401
8.205 47.80408002507443
8.215999999999999 47.97720002516524
8.226999999999999 48.15352002525772
8.238 48.32356002534691
8.248999999999999 48.49456002543661
8.26 48.66916002552819
8.270999999999999 48.83888002561721
8.281999999999998 49.01144002570772
8.292999999999999 49.18372002579809
8.304 49.35256002588665
8.315 49.52276002597592
8.325999999999999 49.69500002606627
8.336999999999998 49.86784002615693
8.347999999999999 50.03820002624629
8.359 50.21088002633686
8.369999999999999 50.38440002642788
8.381 50.55228002651594
8.391999999999999 50.72452002660629
8.402999999999999 50.89704002669678
8.414 51.06832002678662
8.424999999999999 51.24240002687793
8.436 51.41776002696991
8.446999999999999 51.59384002706226
8.457999999999998 51.76940002715435
8.468999999999999 51.94708002724754
8.479999999999999 52.11928002733787
8.491 52.29192002742842
8.501999999999999 52.46624002751985
8.512999999999998 52.64760002761498
8.523999999999999 52.82296002770696
8.534999999999998 52.99688002779818
8.545999999999999 53.17344002789079
8.557 53.35120002798404
8.568 53.53432002808009
8.578999999999999 53.71332002817398
8.589999999999998 53.89192002826766
8.600999999999999 54.07320002836275
8.611999999999998 54.25312002845712
8.622999999999999 54.43472002855237
8.634 54.61784002864842
8.645 54.79616002874196
8.655999999999999 54.97784002883726
8.667 55.15664002893104
8.677999999999999 55.33900002902669
8.688999999999998 55.52180002912257
8.699999999999999 55.70508002921871
8.710999999999999 55.8907600293161
8.722 56.0760800294133
8.732999999999999 56.25892002950921
8.744 56.44388002960622
8.754999999999999 56.63280002970532
8.765999999999998 56.82060002980382
8.776999999999999 57.00356002989979
8.787999999999998 57.19300002999915
8.798999999999999 57.38284003009873
8.81 57.57588003019999
8.821 57.76756003030052
8.831999999999999 57.95896003040092
8.843 58.15232003050234
8.853999999999999 58.34668003060428
8.864999999999998 58.54648003070908
8.875999999999998 58.73904003081009
8.886999999999999 58.93388003091228
8.898 59.12732003101375
8.908999999999999 59.32564003111778
8.92 59.5247200312222
8.930999999999999 59.72392003132668
8.941999999999998 59.92264003143092
8.952999999999999 60.12188003153543
8.963999999999999 60.32704003164304
8.975 60.52820003174855
8.986000000000001 60.73312003185603
8.997 60.93620003196256
9.007999999999999 61.13984003206937
9.018999999999998 61.345040032177
9.029999999999999 61.55276003228596
9.040999999999999 61.75940003239435
9.051999999999998 61.96980003250471
9.062999999999999 62.18196003261599
9.074 62.39372003272706
9.084999999999999 62.60632003283858
9.096 62.82008003295071
9.106999999999999 63.03672003306434
9.117999999999999 63.24480003317348
9.128999999999998 63.46080003328678
9.139999999999999 63.67928003340138
9.151 63.89672003351543
9.161999999999999 64.11628003363059
9.173 64.33764003374671
9.183999999999999 64.55220003385925
9.194999999999999 64.77216003397463
9.206 64.99240003409015
9.216999999999999 65.21372003420623
9.227999999999998 65.43864003432421
9.238999999999999 65.66512003444301
9.25 65.88728003455954
9.260999999999999 66.11016003467643
9.271999999999998 66.34032003479714
9.282999999999999 66.56940003491731
9.293999999999999 66.80344003504007
9.304999999999998 67.03720003516268
9.315999999999999 67.2690800352843
9.327 67.50804003540965
9.337999999999999 67.74452003553368
9.349 67.98564003566014
9.359999999999999 68.22816003578735
9.370999999999999 68.47172003591511
9.382 68.71240003604136
9.392999999999999 68.95796003617016
9.403999999999998 69.1963600362952
9.414999999999997 69.43516003642046
9.426 69.68484003655142
9.436999999999999 69.92880003667941
9.447999999999999 70.17696003680958
9.459 70.42308003693867
9.469999999999999 70.66592003706604
9.480999999999998 70.92008003719936
9.491999999999999 71.17628003733374
9.503 71.43016003746691
9.513999999999999 71.68156003759877
9.525 71.9363200377324
9.536 72.19796003786963
9.546999999999999 72.46544003800993
9.557999999999998 72.72708003814716
9.568999999999999 72.98952003828482
9.579999999999998 73.25344003842325
9.590999999999998 73.51768003856185
9.602 73.78592003870254
9.613 74.05848003884552
9.623999999999999 74.32468003898515
9.635 74.58984003912423
9.645999999999999 74.86168003926682
9.656999999999998 75.13512003941025
9.667999999999997 75.40836003955357
9.679 75.68056003969635
9.69 75.95504003984031
9.700999999999999 76.22928003998416
9.712 76.50716004012992
9.722999999999999 76.79360004028017
9.733999999999998 77.07904004042989
9.744999999999999 77.35584004057506
9.755999999999998 77.63724004072266
9.766999999999998 77.91944004087068
9.778 78.20360004101973
9.789 78.49240004117122
9.799999999999999 78.77452004131921
9.811 79.06108004146951
9.821999999999999 79.34652004161923
9.832999999999998 79.63152004176872
9.843999999999998 79.92300004192161
9.855 80.21248004207345
9.866 80.50720004222804
9.876999999999999 80.7986400423809
9.888 81.08780004253256
9.898999999999999 81.38620004268908
9.909999999999998 81.68428004284543
9.920999999999999 81.98492004300314
9.931999999999999 82.28428004316017
9.942999999999998 82.58732004331912
9.954000000000001 82.88360004347453
9.965 83.18932004363488
9.975999999999999 83.49176004379352
9.986999999999998 83.7891200439495
9.997999999999999 84.09832004411167
10.009 84.40168004427079
10.02 84.70440004442958
10.031 85.0127200445913
10.042 85.31460004474965
10.053 85.62484004491237
10.064 85.93312004507408
10.075 86.24308004523665
10.086 86.55008004539768
10.097 86.85828004555934
10.108 87.16596004572072
10.119 87.47804004588441
10.13 87.79180004604899
10.141 88.10352004621249
10.152 88.4184800463777
10.163 88.73168004654198
10.174 89.04928004670857
10.185 89.36400004687364
10.196 89.68196004704042
10.207 89.99880004720661
10.218 90.31412004737201
10.229 90.62824004753676
10.24 90.94464004770272
10.251 91.26580004787118
10.262 91.59144004804199
10.273 91.91964004821413
10.284 92.2459600483853
10.295 92.57256004855661
10.306 92.89432004872538
10.317 93.22048004889646
10.328 93.54080004906447
10.339 93.86816004923618
10.35 94.19700004940867
10.361 94.52436004958038
10.372 94.85228004975238
10.383 95.17880004992365
10.394 95.50788005009626
10.405 95.83612005026843
10.416 96.16596005044144
10.427 96.4938000506134
10.438 96.82796005078868
10.449 97.16100005096335
10.46 97.49576005113894
10.471 97.82576005131203
10.482 98.15588005148518
10.493 98.4885600516597
10.504 98.82452005183592
10.515 99.15180005200759
10.526 99.49188005218596
10.537 99.82892005236275
10.548 100.1618800525374
10.559 100.4915600527103
10.57 100.828320052887
10.581 101.1612400530616
10.592 101.4945200532364
10.603 101.8308400534128
10.614 102.1652400535882
10.625 102.5070400537675
10.636 102.8489200539468
10.647 103.1871600541242
10.658 103.531720054305
10.669 103.8688800544818
10.68 104.2062800546588
10.691 104.5476000548378
10.702 104.8931200550191
10.713 105.2336000551977
10.724 105.5779600553783
10.735 105.9191200555572
10.746 106.2615200557368
10.757 106.5950800559118
10.768 106.9364400560908
10.779 107.2830000562726
10.79 107.6260800564526
10.801 107.9687600566323
10.812 108.3127600568127
10.823 108.6574400569935
10.834 109.001440057174
10.845 109.3444800573539
10.856 109.6930000575367
10.867 110.0377600577175
10.878 110.3885200579015
10.889 110.7374400580845
10.9 111.0881200582685
10.911 111.4381200584521
10.922 111.7852000586341
10.933 112.130120058815
10.944 112.4834400590004
10.955 112.8304400591824
10.966 113.1810400593663
10.977 113.5254000595469
10.988 113.8790000597324
10.999 114.2262800599145
11.01 114.5726800600962
11.021 114.9177600602772
11.032 115.26612006046
11.043 115.6184800606448
11.054 115.9670800608276
11.065 116.3118400610085
11.076 116.6671200611948
11.087 117.0207600613803
11.098 117.3783200615679
11.109 117.7231600617487
11.12 118.0748000619332
11.131 118.4255200621171
11.142 118.7808000623035
11.153 119.1326400624881
11.164 119.4898000626754
11.175 119.8407600628595
11.186 120.1978800630468
11.197 120.5503600632317
11.208 120.9046000634175
11.219 121.2603200636041
11.23 121.6137200637894
11.241 121.9698800639763
11.252 122.3192800641595
11.263 122.6743600643458
11.274 123.0290400645318
11.285 123.3900400647212
11.296 123.744360064907
11.307 124.1029600650951
11.318 124.4606000652827
11.329 124.8190400654707
11.34 125.1773200656586
11.351 125.5390800658484
11.362 125.8991600660373
11.373 126.2540000662234
11.384 126.6120000664112
11.395 126.9678400665978
11.406 127.3255200667854
11.417 127.6877600669754
11.428 128.0450800671628
11.439 128.4033200673508
11.45 128.7633200675396
11.461 129.1255600677296
11.472 129.4883200679199
11.483 129.8483600681087
11.494 130.2032800682949
11.505 130.5617600684829
11.516 130.9252000686735
11.527 131.2831200688613
11.538 131.6474800690524
11.549 132.0110000692431
11.56 132.3713600694321
11.571 132.7320400696213
11.582 133.0952400698118
11.593 133.4588800700025
11.604 133.8168400701903
11.615 134.1772000703793
11.626 134.5411200705702
11.637 134.9118000707646
11.648 135.2790800709572
11.659 135.6467200711501
11.67 136.0166400713441
11.681 136.3850800715373
11.692 136.7559200717319
11.703 137.1304400719283
11.714 137.5002000721222
11.725 137.8750800723189
11.736 138.245160072513
11.747 138.6195200727094
11.758 138.9930800729053
11.769 139.3636000730997
11.78 139.7387200732964
11.791 140.111560073492
11.802 140.4810000736858
11.813 140.856960073883
11.824 141.2359200740818
11.835 141.6095600742778
11.846 141.9859600744752
11.857 142.3609200746719
11.868 142.742520074872
11.879 143.1197200750699
11.89 143.4958400752672
11.901 143.8709200754639
11.912 144.2530400756643
11.923 144.6297200758619
11.934 145.0197600760665
11.945 145.3967200762642
11.956 145.7851200764679
11.967 146.168360076669
11.978 146.5511600768697
11.989 146.940600077074
