  -0.230E+02   0.000E+00   0.000E+00   0.000E+00   0.000E+00   0.000E+00
  -0.229E+02   0.000E+00   0.000E+00   0.000E+00   0.000E+00   0.000E+00
  -0.228E+02   0.000E+00   0.000E+00   0.000E+00   0.000E+00   0.000E+00
  -0.227E+02   0.000E+00   0.000E+00   0.000E+00   0.000E+00   0.000E+00
  -0.226E+02   0.000E+00   0.000E+00   0.000E+00   0.000E+00   0.000E+00
  -0.225E+02   0.000E+00   0.000E+00   0.000E+00   0.000E+00   0.000E+00
  -0.224E+02   0.000E+00   0.000E+00   0.000E+00   0.000E+00   0.000E+00
  -0.223E+02   0.000E+00   0.000E+00   0.000E+00   0.000E+00   0.000E+00
  -0.222E+02   0.215E-19   0.268E-13   0.196E-18   0.196E-18   0.196E-18
  -0.221E+02   0.607E-15   0.760E-09   0.555E-14   0.555E-14   0.555E-14
  -0.220E+02   0.251E-11   0.317E-05   0.230E-10   0.230E-10   0.230E-10
  -0.219E+02   0.157E-08   0.199E-02   0.144E-07   0.144E-07   0.144E-07
  -0.219E+02   0.153E-06   0.195E+00   0.141E-05   0.141E-05   0.141E-05
  -0.218E+02   0.249E-05   0.318E+01   0.229E-04   0.229E-04   0.229E-04
  -0.217E+02   0.726E-05   0.936E+01   0.669E-04   0.669E-04   0.669E-04
  -0.216E+02   0.401E-05   0.520E+01   0.370E-04   0.370E-04   0.370E-04
  -0.215E+02   0.407E-06   0.531E+00   0.376E-05   0.376E-05   0.376E-05
  -0.214E+02   0.703E-08   0.921E-02   0.651E-07   0.651E-07   0.651E-07
  -0.213E+02   0.193E-10   0.254E-04   0.179E-09   0.179E-09   0.179E-09
  -0.212E+02   0.803E-14   0.106E-07   0.744E-13   0.744E-13   0.744E-13
  -0.211E+02   0.496E-18   0.661E-12   0.461E-17   0.461E-17   0.461E-17
  -0.210E+02   0.000E+00   0.000E+00   0.000E+00   0.000E+00   0.000E+00
  -0.209E+02   0.000E+00   0.000E+00   0.000E+00   0.000E+00   0.000E+00
  -0.208E+02   0.000E+00   0.000E+00   0.000E+00   0.000E+00   0.000E+00
  -0.207E+02   0.000E+00   0.000E+00   0.000E+00   0.000E+00   0.000E+00
  -0.206E+02   0.000E+00   0.000E+00   0.000E+00   0.000E+00   0.000E+00
  -0.205E+02   0.000E+00   0.000E+00   0.000E+00   0.000E+00   0.000E+00
  -0.204E+02   0.000E+00   0.000E+00   0.000E+00   0.000E+00   0.000E+00
  -0.203E+02   0.000E+00   0.000E+00   0.000E+00   0.000E+00   0.000E+00
  -0.202E+02   0.000E+00   0.000E+00   0.000E+00   0.000E+00   0.000E+00
  -0.201E+02   0.000E+00   0.000E+00   0.000E+00   0.000E+00   0.000E+00
  -0.200E+02   0.000E+00   0.000E+00   0.000E+00   0.000E+00   0.000E+00
  -0.199E+02   0.000E+00   0.000E+00   0.000E+00   0.000E+00   0.000E+00
  -0.198E+02   0.000E+00   0.000E+00   0.000E+00   0.000E+00   0.000E+00
  -0.197E+02   0.000E+00   0.000E+00   0.000E+00   0.000E+00   0.000E+00
  -0.196E+02   0.000E+00   0.000E+00   0.000E+00   0.000E+00   0.000E+00
  -0.195E+02   0.000E+00   0.000E+00   0.000E+00   0.000E+00   0.000E+00
  -0.194E+02   0.000E+00   0.000E+00   0.000E+00   0.000E+00   0.000E+00
  -0.193E+02   0.000E+00   0.000E+00   0.000E+00   0.000E+00   0.000E+00
  -0.192E+02   0.000E+00   0.000E+00   0.000E+00   0.000E+00   0.000E+00
  -0.191E+02   0.000E+00   0.000E+00   0.000E+00   0.000E+00   0.000E+00
  -0.190E+02   0.000E+00   0.000E+00   0.000E+00   0.000E+00   0.000E+00
  -0.189E+02   0.000E+00   0.000E+00   0.000E+00   0.000E+00   0.000E+00
  -0.188E+02   0.000E+00   0.000E+00   0.000E+00   0.000E+00   0.000E+00
  -0.187E+02   0.000E+00   0.000E+00   0.000E+00   0.000E+00   0.000E+00
  -0.186E+02   0.000E+00   0.000E+00   0.000E+00   0.000E+00   0.000E+00
  -0.185E+02   0.000E+00   0.000E+00   0.000E+00   0.000E+00   0.000E+00
  -0.184E+02   0.000E+00   0.000E+00   0.000E+00   0.000E+00   0.000E+00
  -0.183E+02   0.000E+00   0.000E+00   0.000E+00   0.000E+00   0.000E+00
  -0.182E+02   0.000E+00   0.000E+00   0.000E+00   0.000E+00   0.000E+00
  -0.181E+02   0.000E+00   0.000E+00   0.000E+00   0.000E+00   0.000E+00
  -0.180E+02   0.000E+00   0.000E+00   0.000E+00   0.000E+00   0.000E+00
  -0.179E+02   0.000E+00   0.000E+00   0.000E+00   0.000E+00   0.000E+00
  -0.178E+02   0.000E+00   0.000E+00   0.000E+00   0.000E+00   0.000E+00
  -0.177E+02   0.000E+00   0.000E+00   0.000E+00   0.000E+00   0.000E+00
  -0.176E+02   0.000E+00   0.000E+00   0.000E+00   0.000E+00   0.000E+00
  -0.175E+02   0.000E+00   0.000E+00   0.000E+00   0.000E+00   0.000E+00
  -0.174E+02   0.000E+00   0.000E+00   0.000E+00   0.000E+00   0.000E+00
  -0.173E+02   0.000E+00   0.000E+00   0.000E+00   0.000E+00   0.000E+00
  -0.172E+02   0.000E+00   0.000E+00   0.000E+00   0.000E+00   0.000E+00
  -0.171E+02   0.000E+00   0.000E+00   0.000E+00   0.000E+00   0.000E+00
  -0.170E+02   0.000E+00   0.000E+00   0.000E+00   0.000E+00   0.000E+00
  -0.169E+02   0.000E+00   0.000E+00   0.000E+00   0.000E+00   0.000E+00
  -0.168E+02   0.000E+00   0.000E+00   0.000E+00   0.000E+00   0.000E+00
  -0.167E+02   0.000E+00   0.000E+00   0.000E+00   0.000E+00   0.000E+00
  -0.166E+02   0.000E+00   0.000E+00   0.000E+00   0.000E+00   0.000E+00
  -0.165E+02   0.000E+00   0.000E+00   0.000E+00   0.000E+00   0.000E+00
  -0.164E+02   0.000E+00   0.000E+00   0.000E+00   0.000E+00   0.000E+00
  -0.163E+02   0.000E+00   0.000E+00   0.000E+00   0.000E+00   0.000E+00
  -0.162E+02   0.000E+00   0.000E+00   0.000E+00   0.000E+00   0.000E+00
  -0.161E+02   0.000E+00   0.000E+00   0.000E+00   0.000E+00   0.000E+00
  -0.160E+02   0.000E+00   0.000E+00   0.000E+00   0.000E+00   0.000E+00
  -0.159E+02   0.000E+00   0.000E+00   0.000E+00   0.000E+00   0.000E+00
  -0.158E+02   0.000E+00   0.000E+00   0.000E+00   0.000E+00   0.000E+00
  -0.157E+02   0.000E+00   0.000E+00   0.000E+00   0.000E+00   0.000E+00
  -0.156E+02   0.000E+00   0.000E+00   0.000E+00   0.000E+00   0.000E+00
  -0.155E+02   0.000E+00   0.000E+00   0.000E+00   0.000E+00   0.000E+00
  -0.154E+02   0.000E+00   0.000E+00   0.000E+00   0.000E+00   0.000E+00
  -0.153E+02   0.404E-16   0.337E-18   0.189E-15   0.189E-15   0.189E-15
  -0.152E+02   0.106E-11   0.887E-14   0.499E-11   0.499E-11   0.499E-11
  -0.151E+02   0.424E-08   0.355E-10   0.200E-07   0.200E-07   0.200E-07
  -0.150E+02   0.275E-05   0.232E-07   0.132E-04   0.132E-04   0.132E-04
  -0.149E+02   0.334E-03   0.286E-05   0.165E-02   0.165E-02   0.165E-02
  -0.148E+02   0.932E-02   0.817E-04   0.490E-01   0.490E-01   0.490E-01
  -0.147E+02   0.748E-01   0.673E-03   0.429E+00   0.429E+00   0.429E+00
  -0.146E+02   0.208E+00   0.190E-02   0.135E+01   0.135E+01   0.135E+01
  -0.145E+02   0.251E+00   0.229E-02   0.219E+01   0.219E+01   0.219E+01
  -0.144E+02   0.222E+00   0.210E-02   0.369E+01   0.369E+01   0.369E+01
  -0.143E+02   0.181E+00   0.166E-02   0.491E+01   0.491E+01   0.491E+01
  -0.142E+02   0.750E-01   0.546E-03   0.278E+01   0.278E+01   0.278E+01
  -0.141E+02   0.106E-01   0.549E-04   0.487E+00   0.487E+00   0.487E+00
  -0.140E+02   0.381E-03   0.135E-05   0.210E-01   0.210E-01   0.210E-01
  -0.139E+02   0.298E-05   0.731E-08   0.187E-03   0.187E-03   0.187E-03
  -0.138E+02   0.437E-08   0.818E-11   0.297E-06   0.297E-06   0.297E-06
  -0.137E+02   0.108E-11   0.172E-14   0.763E-10   0.763E-10   0.763E-10
  -0.136E+02   0.399E-16   0.551E-19   0.293E-14   0.293E-14   0.293E-14
  -0.135E+02   0.000E+00   0.000E+00   0.000E+00   0.000E+00   0.000E+00
  -0.134E+02   0.000E+00   0.000E+00   0.000E+00   0.000E+00   0.000E+00
  -0.133E+02   0.000E+00   0.000E+00   0.000E+00   0.000E+00   0.000E+00
  -0.132E+02   0.000E+00   0.000E+00   0.000E+00   0.000E+00   0.000E+00
  -0.132E+02   0.000E+00   0.000E+00   0.000E+00   0.000E+00   0.000E+00
  -0.131E+02   0.000E+00   0.000E+00   0.000E+00   0.000E+00   0.000E+00
  -0.130E+02   0.000E+00   0.000E+00   0.000E+00   0.000E+00   0.000E+00
  -0.129E+02   0.000E+00   0.000E+00   0.000E+00   0.000E+00   0.000E+00
  -0.128E+02   0.000E+00   0.000E+00   0.000E+00   0.000E+00   0.000E+00
  -0.127E+02   0.000E+00   0.000E+00   0.000E+00   0.000E+00   0.000E+00
  -0.126E+02   0.000E+00   0.000E+00   0.000E+00   0.000E+00   0.000E+00
  -0.125E+02   0.000E+00   0.000E+00   0.000E+00   0.000E+00   0.000E+00
  -0.124E+02   0.000E+00   0.000E+00   0.000E+00   0.000E+00   0.000E+00
  -0.123E+02   0.000E+00   0.000E+00   0.000E+00   0.000E+00   0.000E+00
  -0.122E+02   0.000E+00   0.000E+00   0.000E+00   0.000E+00   0.000E+00
  -0.121E+02   0.000E+00   0.000E+00   0.000E+00   0.000E+00   0.000E+00
  -0.120E+02   0.000E+00   0.000E+00   0.000E+00   0.000E+00   0.000E+00
  -0.119E+02   0.000E+00   0.000E+00   0.000E+00   0.000E+00   0.000E+00
  -0.118E+02   0.000E+00   0.000E+00   0.000E+00   0.000E+00   0.000E+00
  -0.117E+02   0.000E+00   0.000E+00   0.000E+00   0.000E+00   0.000E+00
  -0.116E+02   0.000E+00   0.000E+00   0.000E+00   0.000E+00   0.000E+00
  -0.115E+02   0.000E+00   0.000E+00   0.000E+00   0.000E+00   0.000E+00
  -0.114E+02   0.000E+00   0.000E+00   0.000E+00   0.000E+00   0.000E+00
  -0.113E+02   0.000E+00   0.000E+00   0.000E+00   0.000E+00   0.000E+00
  -0.112E+02   0.000E+00   0.000E+00   0.000E+00   0.000E+00   0.000E+00
  -0.111E+02   0.000E+00   0.000E+00   0.000E+00   0.000E+00   0.000E+00
  -0.110E+02   0.000E+00   0.000E+00   0.000E+00   0.000E+00   0.000E+00
  -0.109E+02   0.000E+00   0.000E+00   0.000E+00   0.000E+00   0.000E+00
  -0.108E+02   0.000E+00   0.000E+00   0.000E+00   0.000E+00   0.000E+00
  -0.107E+02   0.000E+00   0.000E+00   0.000E+00   0.000E+00   0.000E+00
  -0.106E+02   0.000E+00   0.000E+00   0.000E+00   0.000E+00   0.000E+00
  -0.105E+02   0.000E+00   0.000E+00   0.000E+00   0.000E+00   0.000E+00
  -0.104E+02   0.000E+00   0.000E+00   0.000E+00   0.000E+00   0.000E+00
  -0.103E+02   0.000E+00   0.000E+00   0.000E+00   0.000E+00   0.000E+00
  -0.102E+02   0.000E+00   0.000E+00   0.000E+00   0.000E+00   0.000E+00
  -0.101E+02   0.000E+00   0.000E+00   0.000E+00   0.000E+00   0.000E+00
  -0.999E+01   0.000E+00   0.000E+00   0.000E+00   0.000E+00   0.000E+00
  -0.989E+01   0.000E+00   0.000E+00   0.000E+00   0.000E+00   0.000E+00
  -0.979E+01   0.000E+00   0.000E+00   0.000E+00   0.000E+00   0.000E+00
  -0.969E+01   0.000E+00   0.000E+00   0.000E+00   0.000E+00   0.000E+00
  -0.959E+01   0.125E-16   0.108E-30   0.571E-18   0.571E-18   0.571E-18
  -0.949E+01   0.657E-12   0.569E-26   0.301E-13   0.301E-13   0.301E-13
  -0.939E+01   0.464E-08   0.402E-22   0.213E-09   0.213E-09   0.213E-09
  -0.929E+01   0.491E-05   0.505E-18   0.225E-06   0.225E-06   0.225E-06
  -0.920E+01   0.801E-03   0.606E-14   0.367E-04   0.367E-04   0.367E-04
  -0.910E+01   0.213E-01   0.118E-10   0.977E-03   0.977E-03   0.977E-03
  -0.900E+01   0.101E+00   0.350E-08   0.463E-02   0.463E-02   0.463E-02
  -0.890E+01   0.142E+00   0.207E-06   0.669E-02   0.669E-02   0.669E-02
  -0.880E+01   0.455E+00   0.854E-04   0.223E-01   0.223E-01   0.223E-01
  -0.870E+01   0.697E+00   0.271E-01   0.344E-01   0.344E-01   0.344E-01
  -0.860E+01   0.752E+00   0.144E+01   0.390E-01   0.390E-01   0.390E-01
  -0.850E+01   0.170E+01   0.135E+02   0.960E-01   0.960E-01   0.960E-01
  -0.841E+01   0.121E+01   0.237E+02   0.778E-01   0.778E-01   0.778E-01
  -0.831E+01   0.156E+01   0.803E+01   0.847E-01   0.847E-01   0.847E-01
  -0.821E+01   0.223E+01   0.502E+00   0.114E+00   0.114E+00   0.114E+00
  -0.811E+01   0.972E+00   0.562E-02   0.489E-01   0.489E-01   0.489E-01
  -0.801E+01   0.141E+01   0.836E-03   0.684E-01   0.684E-01   0.684E-01
  -0.791E+01   0.156E+01   0.912E-03   0.755E-01   0.755E-01   0.755E-01
  -0.781E+01   0.447E+00   0.252E-03   0.212E-01   0.212E-01   0.212E-01
  -0.771E+01   0.511E+00   0.320E-03   0.220E-01   0.220E-01   0.220E-01
  -0.761E+01   0.722E+00   0.455E-03   0.310E-01   0.310E-01   0.310E-01
  -0.752E+01   0.202E+00   0.126E-03   0.864E-02   0.864E-02   0.864E-02
  -0.742E+01   0.385E-01   0.634E-05   0.134E-02   0.134E-02   0.134E-02
  -0.732E+01   0.122E+00   0.418E-06   0.393E-02   0.393E-02   0.393E-02
  -0.722E+01   0.980E-01   0.295E-06   0.315E-02   0.315E-02   0.315E-02
  -0.712E+01   0.147E-01   0.441E-07   0.472E-03   0.472E-03   0.472E-03
  -0.702E+01   0.380E-03   0.114E-08   0.122E-04   0.122E-04   0.122E-04
  -0.692E+01   0.158E-05   0.476E-11   0.509E-07   0.509E-07   0.509E-07
  -0.682E+01   0.101E-08   0.303E-14   0.325E-10   0.325E-10   0.325E-10
  -0.672E+01   0.959E-13   0.288E-18   0.309E-14   0.309E-14   0.309E-14
  -0.663E+01   0.000E+00   0.000E+00   0.000E+00   0.000E+00   0.000E+00
  -0.653E+01   0.000E+00   0.000E+00   0.000E+00   0.000E+00   0.000E+00
  -0.643E+01   0.000E+00   0.000E+00   0.000E+00   0.000E+00   0.000E+00
  -0.633E+01   0.000E+00   0.000E+00   0.000E+00   0.000E+00   0.000E+00
  -0.623E+01   0.000E+00   0.000E+00   0.000E+00   0.000E+00   0.000E+00
  -0.613E+01   0.000E+00   0.000E+00   0.000E+00   0.000E+00   0.000E+00
  -0.603E+01   0.000E+00   0.000E+00   0.000E+00   0.000E+00   0.000E+00
  -0.593E+01   0.000E+00   0.000E+00   0.000E+00   0.000E+00   0.000E+00
  -0.583E+01   0.000E+00   0.000E+00   0.000E+00   0.000E+00   0.000E+00
  -0.574E+01   0.000E+00   0.000E+00   0.000E+00   0.000E+00   0.000E+00
  -0.564E+01   0.000E+00   0.000E+00   0.000E+00   0.000E+00   0.000E+00
  -0.554E+01   0.000E+00   0.000E+00   0.000E+00   0.000E+00   0.000E+00
  -0.544E+01   0.000E+00   0.000E+00   0.000E+00   0.000E+00   0.000E+00
  -0.534E+01   0.000E+00   0.000E+00   0.000E+00   0.000E+00   0.000E+00
  -0.524E+01   0.000E+00   0.000E+00   0.000E+00   0.000E+00   0.000E+00
  -0.514E+01   0.000E+00   0.000E+00   0.000E+00   0.000E+00   0.000E+00
  -0.504E+01   0.000E+00   0.000E+00   0.000E+00   0.000E+00   0.000E+00
  -0.494E+01   0.000E+00   0.000E+00   0.000E+00   0.000E+00   0.000E+00
  -0.485E+01   0.299E-16   0.750E-18   0.220E-16   0.220E-16   0.220E-16
  -0.475E+01   0.126E-11   0.311E-13   0.929E-12   0.929E-12   0.929E-12
  -0.465E+01   0.807E-08   0.193E-09   0.593E-08   0.593E-08   0.593E-08
  -0.455E+01   0.829E-05   0.188E-06   0.608E-05   0.608E-05   0.608E-05
  -0.445E+01   0.150E-02   0.306E-04   0.110E-02   0.110E-02   0.110E-02
  -0.435E+01   0.548E-01   0.936E-03   0.402E-01   0.402E-01   0.402E-01
  -0.425E+01   0.478E+00   0.617E-02   0.350E+00   0.350E+00   0.350E+00
  -0.415E+01   0.118E+01   0.100E-01   0.857E+00   0.857E+00   0.857E+00
  -0.406E+01   0.941E+00   0.433E-02   0.684E+00   0.684E+00   0.684E+00
  -0.396E+01   0.270E+00   0.508E-03   0.195E+00   0.195E+00   0.195E+00
  -0.386E+01   0.269E-01   0.162E-04   0.193E-01   0.193E-01   0.193E-01
  -0.376E+01   0.441E-02   0.913E-04   0.427E-02   0.427E-02   0.427E-02
  -0.366E+01   0.936E-01   0.219E-02   0.952E-01   0.952E-01   0.952E-01
  -0.356E+01   0.538E+00   0.109E-01   0.545E+00   0.545E+00   0.545E+00
  -0.346E+01   0.101E+01   0.154E-01   0.100E+01   0.100E+01   0.100E+01
  -0.336E+01   0.972E+00   0.116E-01   0.927E+00   0.927E+00   0.927E+00
  -0.326E+01   0.823E+00   0.986E-02   0.776E+00   0.776E+00   0.776E+00
  -0.317E+01   0.841E+00   0.125E-01   0.822E+00   0.822E+00   0.822E+00
  -0.307E+01   0.402E+00   0.107E-01   0.516E+00   0.516E+00   0.516E+00
  -0.297E+01   0.124E+00   0.243E-01   0.643E+00   0.643E+00   0.643E+00
  -0.287E+01   0.944E-01   0.457E-01   0.989E+00   0.989E+00   0.989E+00
  -0.277E+01   0.732E-01   0.577E-01   0.884E+00   0.884E+00   0.884E+00
  -0.267E+01   0.520E-01   0.572E-01   0.810E+00   0.810E+00   0.810E+00
  -0.257E+01   0.102E+00   0.538E-01   0.118E+01   0.118E+01   0.118E+01
  -0.247E+01   0.198E+00   0.683E-01   0.187E+01   0.187E+01   0.187E+01
  -0.237E+01   0.182E+00   0.442E-01   0.207E+01   0.207E+01   0.207E+01
  -0.228E+01   0.138E+00   0.443E-01   0.289E+01   0.289E+01   0.289E+01
  -0.218E+01   0.277E+00   0.527E-01   0.311E+01   0.311E+01   0.311E+01
  -0.208E+01   0.499E+00   0.417E-01   0.298E+01   0.298E+01   0.298E+01
  -0.198E+01   0.308E+00   0.309E-01   0.337E+01   0.337E+01   0.337E+01
  -0.188E+01   0.613E-01   0.119E-01   0.184E+01   0.184E+01   0.184E+01
  -0.178E+01   0.250E-01   0.200E-02   0.683E+00   0.683E+00   0.683E+00
  -0.168E+01   0.962E-01   0.845E-03   0.447E+00   0.447E+00   0.447E+00
  -0.158E+01   0.289E+00   0.118E-02   0.352E+00   0.352E+00   0.352E+00
  -0.148E+01   0.591E+00   0.193E-02   0.544E+00   0.544E+00   0.544E+00
  -0.139E+01   0.509E+00   0.120E-02   0.421E+00   0.421E+00   0.421E+00
  -0.129E+01   0.132E+00   0.262E-03   0.104E+00   0.104E+00   0.104E+00
  -0.119E+01   0.194E-01   0.360E-04   0.159E-01   0.159E-01   0.159E-01
  -0.109E+01   0.895E-01   0.149E-03   0.739E-01   0.739E-01   0.739E-01
  -0.990E+00   0.218E+00   0.233E-03   0.166E+00   0.166E+00   0.166E+00
  -0.891E+00   0.253E+00   0.158E-03   0.180E+00   0.180E+00   0.180E+00
  -0.792E+00   0.807E-01   0.429E-04   0.569E-01   0.569E-01   0.569E-01
  -0.693E+00   0.502E-02   0.257E-05   0.353E-02   0.353E-02   0.353E-02
  -0.594E+00   0.340E-02   0.264E-07   0.228E-02   0.228E-02   0.228E-02
  -0.495E+00   0.267E-01   0.425E-10   0.179E-01   0.179E-01   0.179E-01
  -0.397E+00   0.394E-01   0.103E-13   0.264E-01   0.264E-01   0.264E-01
  -0.298E+00   0.110E-01   0.942E-18   0.736E-02   0.736E-02   0.736E-02
  -0.199E+00   0.545E-03   0.284E-19   0.365E-03   0.365E-03   0.365E-03
  -0.100E+00   0.446E-05   0.233E-21   0.299E-05   0.299E-05   0.299E-05
  -0.150E-02   0.568E-08   0.296E-24   0.381E-08   0.381E-08   0.381E-08
   0.975E-01   0.109E-11   0.566E-28   0.728E-12   0.728E-12   0.728E-12
   0.197E+00   0.360E-16   0.188E-32   0.241E-16   0.241E-16   0.241E-16
   0.296E+00   0.000E+00   0.000E+00   0.000E+00   0.000E+00   0.000E+00
   0.394E+00   0.000E+00   0.000E+00   0.000E+00   0.000E+00   0.000E+00
   0.493E+00   0.000E+00   0.000E+00   0.000E+00   0.000E+00   0.000E+00
   0.592E+00   0.000E+00   0.000E+00   0.000E+00   0.000E+00   0.000E+00
   0.691E+00   0.000E+00   0.000E+00   0.000E+00   0.000E+00   0.000E+00
   0.790E+00   0.563E-12   0.286E-14   0.251E-13   0.251E-13   0.251E-13
   0.889E+00   0.485E-08   0.246E-10   0.216E-09   0.216E-09   0.216E-09
   0.988E+00   0.624E-05   0.317E-07   0.278E-06   0.278E-06   0.278E-06
   0.109E+01   0.123E-02   0.627E-05   0.550E-04   0.550E-04   0.550E-04
   0.118E+01   0.395E-01   0.201E-03   0.176E-02   0.176E-02   0.176E-02
   0.128E+01   0.221E+00   0.112E-02   0.987E-02   0.987E-02   0.987E-02
   0.138E+01   0.264E+00   0.126E-02   0.122E-01   0.122E-01   0.122E-01
   0.148E+01   0.499E+00   0.140E-02   0.283E-01   0.283E-01   0.283E-01
   0.158E+01   0.114E+01   0.293E-02   0.664E-01   0.664E-01   0.664E-01
   0.168E+01   0.870E+00   0.175E-02   0.532E-01   0.532E-01   0.532E-01
   0.178E+01   0.156E+01   0.173E-02   0.103E+00   0.103E+00   0.103E+00
   0.188E+01   0.141E+01   0.133E-02   0.932E-01   0.932E-01   0.932E-01
   0.198E+01   0.104E+01   0.369E-03   0.719E-01   0.719E-01   0.719E-01
   0.207E+01   0.110E+01   0.231E-03   0.774E-01   0.774E-01   0.774E-01
   0.217E+01   0.430E+00   0.658E-04   0.305E-01   0.305E-01   0.305E-01
   0.227E+01   0.312E+00   0.217E-04   0.225E-01   0.225E-01   0.225E-01
   0.237E+01   0.103E+00   0.663E-05   0.742E-02   0.742E-02   0.742E-02
   0.247E+01   0.633E-02   0.414E-06   0.456E-03   0.456E-03   0.456E-03
   0.257E+01   0.653E-04   0.347E-05   0.608E-05   0.608E-05   0.608E-05
   0.267E+01   0.103E-03   0.267E-03   0.119E-03   0.119E-03   0.119E-03
   0.277E+01   0.761E-02   0.359E-02   0.259E-02   0.259E-02   0.259E-02
   0.287E+01   0.127E+00   0.110E-01   0.245E-01   0.245E-01   0.245E-01
   0.296E+01   0.457E+00   0.134E-01   0.780E-01   0.780E-01   0.780E-01
   0.306E+01   0.901E+00   0.131E-01   0.146E+00   0.146E+00   0.146E+00
   0.316E+01   0.173E+01   0.258E-01   0.276E+00   0.276E+00   0.276E+00
   0.326E+01   0.226E+01   0.543E-01   0.368E+00   0.368E+00   0.368E+00
   0.336E+01   0.274E+01   0.901E-01   0.462E+00   0.462E+00   0.462E+00
   0.346E+01   0.234E+01   0.681E-01   0.392E+00   0.392E+00   0.392E+00
   0.356E+01   0.164E+01   0.274E-01   0.255E+00   0.255E+00   0.255E+00
   0.366E+01   0.502E+00   0.370E-02   0.731E-01   0.731E-01   0.731E-01
   0.376E+01   0.124E+00   0.189E-02   0.161E-01   0.161E-01   0.161E-01
   0.385E+01   0.430E+00   0.133E-01   0.556E-01   0.556E-01   0.556E-01
   0.395E+01   0.526E+00   0.701E-01   0.861E-01   0.861E-01   0.861E-01
   0.405E+01   0.384E+00   0.141E+00   0.906E-01   0.906E-01   0.906E-01
   0.415E+01   0.148E+00   0.871E-01   0.465E-01   0.465E-01   0.465E-01
   0.425E+01   0.130E+00   0.133E+00   0.624E-01   0.624E-01   0.624E-01
   0.435E+01   0.164E+00   0.234E+00   0.747E-01   0.747E-01   0.747E-01
   0.445E+01   0.213E+00   0.276E+00   0.857E-01   0.857E-01   0.857E-01
   0.455E+01   0.464E+00   0.257E+00   0.165E+00   0.165E+00   0.165E+00
   0.465E+01   0.885E+00   0.611E+00   0.354E+00   0.354E+00   0.354E+00
   0.474E+01   0.602E+00   0.798E+00   0.282E+00   0.282E+00   0.282E+00
   0.484E+01   0.546E+00   0.566E+00   0.200E+00   0.200E+00   0.200E+00
   0.494E+01   0.594E+00   0.619E+00   0.207E+00   0.207E+00   0.207E+00
   0.504E+01   0.240E+00   0.574E+00   0.116E+00   0.116E+00   0.116E+00
   0.514E+01   0.213E+00   0.490E+00   0.831E-01   0.830E-01   0.830E-01
   0.524E+01   0.173E+00   0.370E+00   0.685E-01   0.685E-01   0.685E-01
   0.534E+01   0.312E-01   0.985E-01   0.316E-01   0.316E-01   0.316E-01
   0.544E+01   0.127E-02   0.149E-01   0.802E-02   0.802E-02   0.802E-02
   0.553E+01   0.227E-04   0.818E-03   0.484E-03   0.484E-03   0.484E-03
   0.563E+01   0.183E-06   0.838E-05   0.501E-05   0.501E-05   0.501E-05
   0.573E+01   0.289E-09   0.136E-07   0.812E-08   0.812E-08   0.812E-08
   0.583E+01   0.704E-13   0.332E-11   0.199E-11   0.199E-11   0.199E-11
   0.593E+01   0.242E-17   0.114E-15   0.684E-16   0.684E-16   0.684E-16
   0.603E+01   0.000E+00   0.000E+00   0.000E+00   0.000E+00   0.000E+00
   0.613E+01   0.000E+00   0.000E+00   0.000E+00   0.000E+00   0.000E+00
   0.623E+01   0.000E+00   0.000E+00   0.000E+00   0.000E+00   0.000E+00
   0.633E+01   0.000E+00   0.000E+00   0.000E+00   0.000E+00   0.000E+00
   0.642E+01   0.000E+00   0.000E+00   0.000E+00   0.000E+00   0.000E+00
   0.652E+01   0.000E+00   0.000E+00   0.000E+00   0.000E+00   0.000E+00
   0.662E+01   0.000E+00   0.000E+00   0.000E+00   0.000E+00   0.000E+00
