  -12.83421      0.0000000E+00
  -12.77221      0.0000000E+00
  -12.71021      0.0000000E+00
  -12.64821      0.0000000E+00
  -12.58621      0.0000000E+00
  -12.52421      0.0000000E+00
  -12.46221      0.0000000E+00
  -12.40021      0.0000000E+00
  -12.33821      0.0000000E+00
  -12.27621      0.0000000E+00
  -12.21421      0.0000000E+00
  -12.15221      0.0000000E+00
  -12.09021      0.0000000E+00
  -12.02821      0.0000000E+00
  -11.96621      0.0000000E+00
  -11.90421      0.0000000E+00
  -11.84221      0.0000000E+00
  -11.78021      1.9020000E-02
  -11.71821      8.8030003E-02
  -11.65621      0.2074000    
  -11.59421      0.3773000    
  -11.53221      0.5866000    
  -11.47021      0.7584000    
  -11.40821      0.8787000    
  -11.34621      0.9473000    
  -11.28421      0.9653000    
  -11.22221      0.9809000    
  -11.16021       1.017000    
  -11.09821       1.074000    
  -11.03621       1.152000    
  -10.97421       1.238000    
  -10.91221       1.328000    
  -10.85021       1.421000    
  -10.78821       1.517000    
  -10.72621       1.610000    
  -10.66421       1.683000    
  -10.60221       1.733000    
  -10.54021       1.760000    
  -10.47821       1.958000    
  -10.41621       2.200000    
  -10.35421       2.432000    
  -10.29221       2.618000    
  -10.23021       2.635000    
  -10.16821       2.633000    
  -10.10620       2.611000    
  -10.04421       2.571000    
  -9.982205       2.510000    
  -9.920206       2.431000    
  -9.858206       2.332000    
  -9.796206       2.228000    
  -9.734205       2.214000    
  -9.672205       2.371000    
  -9.610206       2.610000    
  -9.548205       2.817000    
  -9.486206       2.994000    
  -9.424206       3.605000    
  -9.362206       3.926000    
  -9.300205       3.863000    
  -9.238206       3.662000    
  -9.176206       3.722000    
  -9.114205       3.963000    
  -9.052206       4.234000    
  -8.990206       4.077000    
  -8.928205       3.451000    
  -8.866205       2.916000    
  -8.804206       2.471000    
  -8.742206       2.219000    
  -8.681206       2.101000    
  -8.619205       1.991000    
  -8.557205       1.887000    
  -8.495206       1.790000    
  -8.433206       1.700000    
  -8.371205       1.617000    
  -8.309206       1.541000    
  -8.247206       1.472000    
  -8.185205       1.410000    
  -8.123205       1.355000    
  -8.061206       1.291000    
  -7.999206       1.213000    
  -7.937205       1.123000    
  -7.875206       1.020000    
  -7.813206      0.9046000    
  -7.751205      0.7755000    
  -7.689206      0.5513000    
  -7.627206      0.5409000    
  -7.565206      0.7057000    
  -7.503205      0.8715000    
  -7.441206       1.022000    
  -7.379206       1.156000    
  -7.317205       1.275000    
  -7.255206       1.378000    
  -7.193206       1.466000    
  -7.131206       1.551000    
  -7.069205       1.654000    
  -7.007205       1.774000    
  -6.945206       1.913000    
  -6.883205       2.068000    
  -6.821206       2.300000    
  -6.759206       2.667000    
  -6.697206       3.752000    
  -6.635206       5.325000    
  -6.573205       6.046000    
  -6.511206       5.873000    
  -6.449205       5.177000    
  -6.387206       4.347000    
  -6.325206       3.393000    
  -6.263206       2.988000    
  -6.201206       2.754000    
  -6.139205       2.557000    
  -6.077206       2.395000    
  -6.015205       2.270000    
  -5.953206       2.180000    
  -5.891206       2.346000    
  -5.829206       2.373000    
  -5.767206       2.123000    
  -5.705205       1.730000    
  -5.643206       1.690000    
  -5.581205       1.660000    
  -5.519206       1.642000    
  -5.457206       1.634000    
  -5.395205       1.631000    
  -5.333206       1.625000    
  -5.271205       1.614000    
  -5.209206       1.597000    
  -5.147205       1.578000    
  -5.085206       1.559000    
  -5.023206       1.541000    
  -4.961205       1.523000    
  -4.899206       1.507000    
  -4.837205       1.490000    
  -4.775206       1.475000    
  -4.713205       1.460000    
  -4.651206       1.446000    
  -4.589206       1.433000    
  -4.527205       1.420000    
  -4.465206       1.408000    
  -4.403205       1.396000    
  -4.341206       1.385000    
  -4.279205       1.375000    
  -4.217206       1.976000    
  -4.155206       1.808000    
  -4.093205       1.974000    
  -4.031206       2.266000    
  -3.969206       2.611000    
  -3.907206       3.009000    
  -3.845206       3.462000    
  -3.783206       3.979000    
  -3.721206       4.511000    
  -3.659205       4.976000    
  -3.597206       5.295000    
  -3.535206       5.447000    
  -3.473206       5.528000    
  -3.411206       6.568000    
  -3.349205       7.593000    
  -3.287205       4.033000    
  -3.225206       3.950000    
  -3.163206       3.885000    
  -3.101206       3.837000    
  -3.039206       3.807000    
  -2.977206       3.795000    
  -2.915205       3.800000    
  -2.853206       3.822000    
  -2.791206       3.876000    
  -2.729206       4.406000    
  -2.667206       8.244000    
  -2.605206       9.292000    
  -2.543205       6.865000    
  -2.481205       6.998000    
  -2.419206       7.321000    
  -2.357206       7.770000    
  -2.295206       7.547000    
  -2.233206       7.044000    
  -2.171206       6.261000    
  -2.109205       4.436000    
  -2.047206       4.192000    
  -1.985206       3.911000    
  -1.923206       3.593000    
  -1.861206       3.239000    
  -1.799206       3.000000    
  -1.737206       2.914000    
  -1.675205       2.925000    
  -1.614205       3.035000    
  -1.552206       4.700000    
  -1.490206       8.156000    
  -1.428205       9.788000    
  -1.366206       8.929000    
  -1.304205       7.241000    
  -1.242206       5.848000    
  -1.180205       4.027000    
  -1.118206       3.443000    
  -1.056206       2.922000    
 -0.9942055       2.463000    
 -0.9322057       2.068000    
 -0.8702054       1.736000    
 -0.8082056       1.467000    
 -0.7462058       1.409000    
 -0.6842055       1.430000    
 -0.6222057       1.392000    
 -0.5602055       1.295000    
 -0.4982057       1.141000    
 -0.4362054      0.9272000    
 -0.3742056      0.6554000    
 -0.3122058      0.3250000    
 -0.2502055      0.1572000    
 -0.1882057      8.7949999E-02
 -0.1262054      3.8690001E-02
 -6.4205647E-02  9.3780002E-03
 -2.2053719E-03  0.0000000E+00
  5.9794426E-02  0.0000000E+00
  0.1217942      0.0000000E+00
  0.1837945      0.0000000E+00
  0.2457943      0.0000000E+00
  0.3077946      0.0000000E+00
  0.3697944      0.0000000E+00
  0.4317946      0.0000000E+00
  0.4937944      0.0000000E+00
  0.5557942      0.0000000E+00
  0.6177945      0.0000000E+00
  0.6797943      0.2344000    
  0.7417946      0.4172000    
  0.8037944      0.4744000    
  0.8657947      0.5428000    
  0.9277945      0.6223000    
  0.9897943      0.7130000    
   1.051795      0.8149000    
   1.113794      0.9279000    
   1.175795       1.046000    
   1.237794       1.130000    
   1.299794       1.212000    
   1.361794       1.347000    
   1.423794       1.536000    
   1.485795       1.782000    
   1.547794       2.149000    
   1.609795       2.665000    
   1.671794       3.204000    
   1.733794       3.735000    
   1.795794       4.258000    
   1.857794       4.772000    
   1.919795       5.277000    
   1.981794       6.361000    
   2.043795       5.879000    
   2.105794       6.464000    
   2.167794       7.080000    
   2.229795       8.101000    
   2.291794       10.38000    
   2.353795       8.330000    
   2.415795       7.223000    
   2.477794       5.132000    
   2.539794       5.473000    
   2.601795       5.699000    
   2.663794       5.785000    
   2.725794       5.794000    
   2.787795       6.031000    
   2.849795       6.497000    
   2.911794       4.947000    
   2.973794       3.312000    
   3.035795       2.306000    
   3.097794       2.348000    
   3.159794       2.953000    
   3.221795       4.104000    
   3.283795       5.112000    
   3.345794       6.069000    
   3.407794       6.951000    
   3.469795       7.302000    
   3.531794       7.327000    
   3.593794       7.615000    
   3.655795       8.943000    
   3.717795       6.574000    
   3.779794       6.238000    
   3.841794       5.852000    
   3.903795       5.411000    
   3.965794       4.968000    
   4.027794       4.523000    
   4.089795       4.075000    
   4.151794       3.625000    
   4.213794       3.013000    
   4.275795       2.092000    
   4.337795       1.404000    
   4.399794      0.9178000    
   4.461794      0.6139000    
   4.523795      0.3824000    
   4.585794      0.2054000    
   4.647794      8.3049998E-02
   4.709795      1.5300000E-02
   4.771795      0.0000000E+00
   4.833794      0.0000000E+00
   4.895794      0.0000000E+00
   4.957795      0.0000000E+00
   5.019794      0.0000000E+00
   5.081794      0.0000000E+00
   5.143795      0.0000000E+00
   5.205795      0.0000000E+00
   5.267794      0.0000000E+00
   5.329794      0.0000000E+00
   5.391795      0.0000000E+00
   5.452795      0.0000000E+00
   5.514795      0.0000000E+00
   5.576794      0.0000000E+00
   5.638794      0.0000000E+00
   5.700795      0.0000000E+00
   5.762794      0.0000000E+00
