1 644.045 644.045
2 636.001 640.288
3 624.737 635.437
4 610.571 629.564
5 593.904 622.761
6 575.198 615.132
7 554.950 606.792
8 533.661 597.862
9 511.814 588.466
10 489.849 578.721
11 468.148 568.741
12 447.028 558.628
13 426.734 548.476
14 407.446 538.365
15 389.288 528.361
16 372.330 518.522
17 356.609 508.893
18 342.126 499.509
19 328.865 490.399
20 316.793 481.581
21 305.869 473.072
22 296.049 464.880
23 287.288 457.010
24 279.539 449.467
25 272.764 442.250
26 266.924 435.359
27 261.988 428.791
28 257.929 422.543
29 254.729 416.612
30 252.372 410.994
31 250.849 405.687
32 250.158 400.686
33 250.302 395.990
34 251.288 391.595
35 253.130 387.501
36 255.843 383.706
37 259.446 380.209
38 263.961 377.012
39 269.408 374.114
40 275.807 371.516
41 283.177 369.221
42 291.526 367.230
43 300.860 365.544
44 311.171 364.165
45 322.440 363.095
46 334.633 362.333
47 347.699 361.879
48 361.571 361.731
49 376.162 361.886
50 391.365 362.339
51 407.057 363.083
52 423.095 364.108
53 439.319 365.405
54 455.557 366.959
55 471.620 368.755
56 487.309 370.774
57 502.420 372.995
58 516.740 375.397
59 530.057 377.954
60 542.163 380.639
61 552.852 383.425
62 561.935 386.280
63 569.234 389.176
64 574.584 392.079
65 577.834 394.957
66 578.830 397.780
67 577.392 400.513
68 573.261 403.122
69 566.014 405.570
70 554.936 407.815
71 538.921 409.802
72 516.646 411.462
73 487.676 412.718
74 455.129 413.511
75 427.773 413.867
76 415.025 413.944
77 416.612 413.958
78 423.002 414.036
79 425.975 414.177
80 423.161 414.313
81 415.653 414.379
82 405.278 414.329
83 393.510 414.144
84 381.322 413.819
85 369.303 413.357
86 357.794 412.767
87 346.983 412.062
88 336.971 411.253
89 327.804 410.354
90 319.499 409.377
91 312.052 408.335
92 305.451 407.239
93 299.680 406.099
94 294.722 404.927
95 290.559 403.731
96 287.177 402.521
97 284.567 401.305
98 282.722 400.092
99 281.640 398.888
100 281.324 397.702
101 281.782 396.541
102 283.026 395.411
103 285.072 394.319
104 287.940 393.273
105 291.651 392.279
106 296.230 391.343
107 301.697 390.473
108 308.072 389.674
109 315.369 388.954
110 323.589 388.318
111 332.725 387.772
112 342.748 387.323
113 353.612 386.976
114 365.245 386.734
115 377.547 386.602
116 390.394 386.582
117 403.635 386.674
118 417.101 386.879
119 430.609 387.195
120 443.976 387.619
121 457.033 388.146
122 469.638 388.770
123 481.682 389.485
124 493.091 390.283
125 503.812 391.158
126 513.789 392.101
127 522.937 393.105
128 531.122 394.162
129 538.160 395.261
130 543.833 396.392
131 547.920 397.544
132 550.225 398.701
133 550.601 399.852
134 548.959 400.980
135 545.271 402.070
136 539.561 403.110
137 531.904 404.084
138 522.415 404.982
139 511.244 405.791
140 498.575 406.502
141 484.620 407.108
142 469.618 407.602
143 453.824 407.981
144 437.512 408.242
145 420.961 408.385
146 404.447 408.411
147 388.230 408.326
148 372.547 408.133
149 357.602 407.839
150 343.558 407.452
151 330.539 406.980
152 318.625 406.432
153 307.863 405.816
154 298.266 405.143
155 289.823 404.420
156 282.507 403.655
157 276.276 402.857
158 271.087 402.033
159 266.892 401.191
160 263.645 400.335
161 261.306 399.473
162 259.839 398.610
163 259.214 397.751
164 259.409 396.901
165 260.409 396.066
166 262.205 395.249
167 264.794 394.456
168 268.179 393.690
169 272.367 392.956
170 277.364 392.258
171 283.180 391.600
172 289.819 390.986
173 297.279 390.420
174 305.547 389.907
175 314.593 389.449
176 324.363 389.050
177 334.776 388.713
178 345.719 388.441
179 357.042 388.234
180 368.557 388.094
181 380.045 388.019
182 391.262 388.008
183 401.956 388.057
184 411.884 388.161
185 420.832 388.316
186 428.643 388.515
187 435.225 388.750
188 440.563 389.014
189 444.714 389.300
190 447.787 389.602
191 449.923 389.914
192 451.265 390.232
193 451.945 390.552
194 452.073 390.871
195 451.733 391.186
196 450.988 391.494
197 449.883 391.795
198 448.454 392.086
199 446.726 392.366
200 444.723 392.634
201 442.463 392.889
202 439.966 393.129
203 437.250 393.354
204 434.335 393.562
205 431.241 393.754
206 427.990 393.929
207 424.600 394.085
208 421.089 394.224
209 417.473 394.344
210 413.755 394.445
211 409.929 394.528
212 405.962 394.591
213 401.791 394.634
214 397.295 394.657
215 392.276 394.657
216 386.433 394.632
217 379.354 394.578
218 370.574 394.487
219 359.800 394.352
220 347.378 394.165
221 334.908 393.922
222 325.303 393.631
223 321.442 393.312
224 323.998 392.993
225 330.861 392.700
226 338.899 392.444
227 345.908 392.224
228 351.101 392.033
229 354.622 391.862
230 356.961 391.705
231 358.626 391.558
232 360.026 391.419
233 361.460 391.287
234 363.135 391.163
235 365.196 391.047
236 367.747 390.943
237 370.863 390.851
238 374.609 390.775
239 379.034 390.717
240 384.181 390.679
241 390.090 390.664
242 396.791 390.676
243 404.308 390.718
244 412.654 390.791
245 421.829 390.900
246 431.815 391.048
247 442.571 391.236
248 454.030 391.468
249 466.095 391.745
250 478.631 392.070
251 491.464 392.443
252 504.371 392.865
253 517.078 393.334
254 529.245 393.848
255 540.461 394.405
256 550.223 394.998
257 557.940 395.621
258 562.959 396.264
259 564.693 396.914
260 562.896 397.559
261 558.120 398.186
262 552.046 398.787
263 547.094 399.361
264 544.979 399.917
265 545.320 400.467
266 545.880 401.015
267 544.157 401.557
268 538.620 402.081
269 528.886 402.573
270 515.320 403.017
271 498.624 403.401
272 479.602 403.716
273 459.060 403.956
274 437.759 404.117
275 416.396 404.199
276 395.574 404.203
277 375.788 404.134
278 357.408 403.996
279 340.679 403.797
280 325.732 403.542
281 312.603 403.239
282 301.257 402.895
283 291.611 402.516
284 283.555 402.109
285 276.966 401.679
286 271.721 401.231
287 267.697 400.771
288 264.776 400.301
289 262.845 399.827
290 261.783 399.351
291 261.462 398.876
292 261.739 398.404
293 262.445 397.937
294 263.391 397.477
295 264.391 397.022
296 265.308 396.575
297 266.160 396.133
298 267.233 395.697
299 269.161 395.269
300 272.828 394.853
301 279.015 394.456
302 287.987 394.088
303 299.313 393.756
304 312.105 393.466
305 325.439 393.221
306 338.658 393.022
307 351.421 392.866
308 363.619 392.753
309 375.252 392.678
310 386.347 392.641
311 396.912 392.638
312 406.925 392.669
313 416.337 392.731
314 425.085 392.821
315 433.098 392.937
316 440.314 393.077
317 446.680 393.237
318 452.161 393.415
319 456.743 393.608
320 460.426 393.812
321 463.230 394.025
322 465.188 394.244
323 466.344 394.466
324 466.751 394.690
325 466.465 394.912
326 465.546 395.130
327 464.055 395.344
328 462.053 395.551
329 459.597 395.750
330 456.745 395.940
331 453.553 396.119
332 450.074 396.287
333 446.363 396.443
334 442.472 396.587
335 438.450 396.718
336 434.348 396.836
337 430.209 396.941
338 426.075 397.033
339 421.983 397.113
340 417.961 397.180
341 414.035 397.235
342 410.222 397.278
343 406.533 397.311
344 402.977 397.332
345 399.558 397.343
346 396.278 397.345
347 393.140 397.337
348 390.145 397.320
349 387.297 397.295
350 384.598 397.262
351 382.056 397.222
352 379.674 397.176
353 377.462 397.122
354 375.425 397.064
355 373.572 397.000
356 371.912 396.931
357 370.453 396.859
358 369.203 396.783
359 368.173 396.704
360 367.372 396.624
361 366.812 396.542
362 366.505 396.459
363 366.470 396.376
364 366.727 396.294
365 367.303 396.213
366 368.234 396.135
367 369.563 396.061
368 371.350 395.991
369 373.671 395.928
370 376.622 395.871
371 380.320 395.824
372 384.903 395.789
373 390.526 395.767
374 397.354 395.762
375 405.542 395.778
376 415.224 395.817
377 426.495 395.884
378 439.386 395.983
379 453.860 396.117
380 469.791 396.292
381 486.966 396.508
382 505.086 396.771
383 523.779 397.080
384 542.609 397.436
385 561.104 397.840
386 578.770 398.288
387 595.120 398.778
388 609.685 399.306
389 622.037 399.865
390 631.791 400.450
391 638.622 401.053
392 642.269 401.666
393 642.536 402.281
394 639.307 402.888
395 632.541 403.480
396 622.283 404.047
397 608.667 404.581
398 591.925 405.073
399 572.385 405.517
400 550.482 405.907
401 526.759 406.238
402 501.874 406.506
403 476.598 406.710
404 451.793 406.851
405 428.337 406.931
406 406.999 406.956
407 388.279 406.931
408 372.304 406.864
409 358.859 406.762
410 347.511 406.630
411 337.793 406.473
412 329.317 406.295
413 321.823 406.098
414 315.165 405.886
415 309.274 405.659
416 304.125 405.420
417 299.715 405.171
418 296.045 404.913
419 293.117 404.649
420 290.930 404.380
421 289.484 404.108
422 288.777 403.835
423 288.810 403.562
424 289.583 403.291
425 291.103 403.025
426 293.378 402.764
427 296.418 402.511
428 300.239 402.267
429 304.858 402.034
430 310.294 401.814
431 316.565 401.609
432 323.690 401.420
433 331.683 401.250
434 340.553 401.100
435 350.299 400.972
436 360.908 400.868
437 372.346 400.790
438 384.557 400.740
439 397.452 400.718
440 410.901 400.727
441 424.709 400.766
442 438.593 400.837
443 452.128 400.939
444 464.674 401.069
445 475.267 401.226
446 482.535 401.401
447 484.847 401.587
448 481.216 401.770
449 473.493 401.939
450 468.417 402.091
451 474.415 402.242
452 492.913 402.422
453 516.512 402.650
454 537.113 402.926
455 551.266 403.239
456 559.082 403.574
457 561.814 403.919
458 560.625 404.264
459 556.297 404.601
460 549.268 404.924
461 539.734 405.227
462 527.732 405.506
463 513.192 405.754
464 495.981 405.967
465 475.968 406.139
466 453.097 406.264
467 427.514 406.336
468 399.687 406.350
469 370.496 406.304
470 341.182 406.194
471 313.146 406.024
472 287.640 405.798
473 265.510 405.523
474 247.096 405.206
475 232.304 404.855
476 220.768 404.479
477 212.006 404.083
478 205.532 403.672
479 200.920 403.253
480 197.824 402.827
481 195.980 402.397
482 195.196 401.967
483 195.337 401.538
484 196.313 401.112
485 198.070 400.691
486 200.577 400.276
487 203.824 399.868
488 207.814 399.470
489 212.558 399.082
490 218.072 398.707
491 224.373 398.345
492 231.475 397.998
493 239.386 397.668
494 248.103 397.356
495 257.610 397.064
496 267.875 396.793
497 278.844 396.544
498 290.449 396.320
499 302.600 396.120
500 315.194 395.946
501 328.113 395.798
502 341.235 395.676
503 354.431 395.582
504 367.576 395.514
505 380.548 395.472
506 393.230 395.456
507 405.517 395.464
508 417.309 395.496
509 428.518 395.551
510 439.061 395.626
511 448.865 395.722
512 457.864 395.835
513 466.002 395.965
514 473.227 396.109
515 479.494 396.265
516 484.768 396.433
517 489.020 396.608
518 492.228 396.790
519 494.380 396.977
520 495.472 397.166
521 495.505 397.355
522 494.493 397.543
523 492.455 397.726
524 489.418 397.905
525 485.418 398.075
526 480.500 398.237
527 474.714 398.388
528 468.117 398.526
529 460.774 398.651
530 452.755 398.760
531 444.134 398.854
532 434.991 398.930
533 425.408 398.988
534 415.472 399.028
535 405.267 399.049
536 394.880 399.050
537 384.396 399.032
538 373.900 398.995
539 363.469 398.938
540 353.176 398.862
541 343.091 398.768
542 333.273 398.655
543 323.776 398.525
544 314.645 398.379
545 305.919 398.217
546 297.628 398.039
547 289.794 397.848
548 282.434 397.643
549 275.560 397.426
550 269.177 397.198
551 263.291 396.960
552 257.904 396.712
553 253.020 396.456
554 248.643 396.192
555 244.783 395.922
556 241.457 395.646
557 238.691 395.366
558 236.521 395.083
559 235.002 394.797
560 234.206 394.511
561 234.226 394.224
562 235.179 393.940
563 237.209 393.659
564 240.485 393.384
565 245.199 393.117
566 251.564 392.861
567 259.798 392.619
568 270.114 392.394
569 282.691 392.190
570 297.642 392.011
571 314.976 391.861
572 334.565 391.744
573 356.119 391.664
574 379.197 391.623
575 403.236 391.623
576 427.611 391.665
577 451.699 391.750
578 474.935 391.875
579 496.843 392.039
580 517.049 392.238
581 535.269 392.470
582 551.294 392.731
583 564.967 393.016
584 576.165 393.321
585 584.775 393.642
586 590.690 393.975
587 593.794 394.314
588 593.961 394.654
589 591.060 394.991
590 584.984 395.319
591 575.722 395.632
592 563.466 395.927
593 548.764 396.197
594 532.592 396.440
595 516.225 396.655
596 500.817 396.842
597 486.906 397.004
598 474.248 397.143
599 462.133 397.261
600 449.879 397.359
601 437.141 397.435
602 423.929 397.490
603 410.479 397.522
604 397.110 397.532
605 384.125 397.520
606 371.771 397.487
607 360.222 397.434
608 349.591 397.364
609 339.939 397.277
610 331.288 397.175
611 323.634 397.060
612 316.957 396.934
613 311.224 396.798
614 306.400 396.655
615 302.448 396.504
616 299.332 396.348
617 297.023 396.189
618 295.491 396.027
619 294.716 395.863
620 294.681 395.700
621 295.375 395.537
622 296.794 395.377
623 298.938 395.220
624 301.813 395.068
625 305.429 394.922
626 309.804 394.782
627 314.958 394.651
628 320.915 394.528
629 327.704 394.417
630 335.353 394.317
631 343.894 394.230
632 353.354 394.158
633 363.759 394.102
634 375.126 394.064
635 387.461 394.044
636 400.753 394.044
637 414.973 394.067
638 430.065 394.112
639 445.946 394.181
640 462.498 394.276
641 479.577 394.396
642 497.004 394.543
643 514.583 394.717
644 532.098 394.918
645 549.329 395.145
646 566.056 395.398
647 582.066 395.675
648 597.144 395.975
649 611.068 396.297
650 623.594 396.638
651 634.440 396.997
652 643.271 397.369
653 649.685 397.751
654 653.197 398.140
655 653.218 398.531
656 649.047 398.917
657 639.896 399.292
658 624.985 399.647
659 603.754 399.973
660 576.153 400.261
661 542.929 400.502
662 505.726 400.688
663 466.869 400.816
664 428.855 400.885
665 393.771 400.899
666 362.908 400.863
667 336.723 400.785
668 315.039 400.671
669 297.336 400.529
670 282.983 400.363
671 271.382 400.178
672 262.024 399.979
673 254.508 399.768
674 248.526 399.547
675 243.854 399.319
676 240.327 399.086
677 237.829 398.849
678 236.281 398.610
679 235.631 398.370
680 235.854 398.130
681 236.938 397.892
682 238.888 397.657
683 241.720 397.427
684 245.459 397.201
685 250.137 396.983
686 255.789 396.773
687 262.449 396.572
688 270.149 396.383
689 278.909 396.206
690 288.736 396.043
691 299.618 395.896
692 311.516 395.765
693 324.362 395.653
694 338.057 395.561
695 352.470 395.489
696 367.441 395.438
697 382.786 395.409
698 398.305 395.403
699 413.789 395.419
700 429.028 395.457
701 443.818 395.516
702 457.967 395.595
703 471.299 395.694
704 483.654 395.811
705 494.891 395.944
706 504.889 396.092
707 513.545 396.253
708 520.774 396.424
709 526.510 396.604
710 530.703 396.791
711 533.323 396.982
712 534.356 397.174
713 533.804 397.367
714 531.690 397.557
715 528.054 397.742
716 522.954 397.921
717 516.467 398.091
718 508.687 398.250
719 499.726 398.398
720 489.712 398.531
721 478.786 398.650
722 467.104 398.753
723 454.828 398.839
724 442.128 398.907
725 429.177 398.957
726 416.144 398.990
727 403.193 399.004
728 390.474 399.000
729 378.126 398.980
730 366.268 398.942
731 354.998 398.890
732 344.396 398.822
733 334.518 398.740
734 325.403 398.646
735 317.070 398.540
736 309.522 398.424
737 302.749 398.298
738 296.733 398.164
739 291.442 398.023
740 286.841 397.875
741 282.890 397.722
742 279.548 397.565
743 276.777 397.404
744 274.550 397.240
745 272.856 397.074
746 271.714 396.906
747 271.184 396.738
748 271.383 396.570
749 272.494 396.403
750 274.767 396.239
751 278.512 396.080
752 284.082 395.927
753 291.863 395.783
754 302.273 395.652
755 315.780 395.538
756 332.919 395.443
757 354.262 395.375
758 380.326 395.338
759 411.363 395.339
760 447.100 395.385
761 486.516 395.480
762 527.828 395.628
763 568.757 395.830
764 606.993 396.083
765 640.648 396.383
766 668.488 396.722
767 689.946 397.092
768 704.978 397.485
769 713.874 397.892
770 717.106 398.305
771 715.227 398.719
772 708.813 399.125
773 698.449 399.520
774 684.716 399.897
775 668.197 400.254
776 649.468 400.588
777 629.102 400.895
778 607.647 401.174
779 585.623 401.425
780 563.501 401.646
781 541.689 401.839
782 520.526 402.004
783 500.276 402.141
784 481.128 402.254
785 463.202 402.342
786 446.562 402.408
787 431.222 402.454
788 417.163 402.481
789 404.341 402.491
790 392.698 402.486
791 382.167 402.466
792 372.680 402.434
793 364.169 402.391
794 356.572 402.338
795 349.832 402.275
796 343.899 402.205
797 338.728 402.129
798 334.281 402.046
799 330.528 401.959
800 327.444 401.867
801 325.008 401.773
802 323.206 401.675
803 322.029 401.577
804 321.470 401.477
805 321.529 401.378
806 322.205 401.279
807 323.503 401.182
808 325.425 401.087
809 327.973 400.995
810 331.145 400.906
811 334.926 400.823
812 339.285 400.744
813 344.164 400.671
814 349.460 400.605
815 355.008 400.546
816 360.566 400.494
817 365.807 400.448
818 370.366 400.409
819 373.984 400.375
820 376.802 400.344
821 379.740 400.317
822 384.614 400.295
823 393.488 400.281
824 407.365 400.281
825 425.406 400.301
826 445.589 400.344
827 466.044 400.412
828 485.815 400.504
829 504.790 400.619
830 523.258 400.757
831 541.489 400.916
832 559.483 401.096
833 576.921 401.298
834 593.270 401.519
835 607.927 401.758
836 620.341 402.013
837 630.073 402.281
838 636.790 402.557
839 640.245 402.839
840 640.244 403.123
841 636.622 403.403
842 629.238 403.676
843 617.971 403.937
844 602.746 404.182
845 583.575 404.406
846 560.614 404.604
847 534.238 404.772
848 505.096 404.907
849 474.138 405.006
850 442.554 405.068
851 411.633 405.093
852 382.572 405.083
853 356.290 405.040
854 333.331 404.968
855 313.865 404.872
856 297.768 404.755
857 284.734 404.622
858 274.376 404.476
859 266.297 404.319
860 260.137 404.154
861 255.591 403.984
862 252.412 403.809
863 250.410 403.633
864 249.441 403.454
865 249.400 403.276
866 250.215 403.098
867 251.837 402.923
868 254.236 402.750
869 257.396 402.581
870 261.312 402.416
871 265.985 402.257
872 271.419 402.103
873 277.618 401.957
874 284.584 401.819
875 292.307 401.689
876 300.765 401.569
877 309.912 401.460
878 319.670 401.361
879 329.918 401.274
880 340.476 401.199
881 351.089 401.137
882 361.418 401.086
883 371.048 401.047
884 379.555 401.018
885 386.668 400.998
886 392.551 400.985
887 398.103 400.979
888 404.934 400.980
889 414.663 400.990
890 427.820 401.012
891 443.366 401.052
892 459.372 401.109
893 474.102 401.183
894 486.571 401.272
895 496.489 401.373
896 503.965 401.484
897 509.252 401.602
898 512.612 401.724
899 514.268 401.849
900 514.396 401.974
901 513.134 402.098
902 510.593 402.220
903 506.870 402.338
904 502.051 402.451
905 496.221 402.558
906 489.468 402.658
907 481.877 402.749
908 473.538 402.832
909 464.541 402.904
910 454.980 402.967
911 444.948 403.018
912 434.538 403.058
913 423.841 403.087
914 412.943 403.103
915 401.929 403.108
916 390.877 403.100
917 379.857 403.080
918 368.932 403.049
919 358.155 403.005
920 347.573 402.950
921 337.222 402.884
922 327.126 402.807
923 317.303 402.720
924 307.758 402.622
925 298.489 402.514
926 289.484 402.396
927 280.721 402.269
928 272.174 402.133
929 263.809 401.988
930 255.586 401.835
931 247.466 401.673
932 239.411 401.503
933 231.388 401.325
934 223.377 401.138
935 215.374 400.943
936 207.398 400.740
937 199.491 400.529
938 191.718 400.310
939 184.160 400.084
940 176.909 399.850
941 170.059 399.609
942 163.692 399.361
943 157.880 399.108
944 152.677 398.849
945 148.120 398.585
946 144.234 398.318
947 141.035 398.048
948 138.536 397.775
949 136.750 397.501
950 135.695 397.225
951 135.401 396.950
952 135.912 396.675
953 137.287 396.402
954 139.607 396.131
955 142.971 395.864
956 147.498 395.601
957 153.320 395.345
958 160.567 395.096
959 169.349 394.856
960 179.723 394.626
961 191.662 394.409
962 205.025 394.205
963 219.548 394.016
964 234.865 393.843
965 250.558 393.687
966 266.224 393.547
967 281.533 393.424
968 296.263 393.316
969 310.299 393.223
970 323.618 393.145
971 336.253 393.080
972 348.271 393.028
973 359.746 392.989
974 370.749 392.960
975 381.337 392.943
976 391.550 392.937
977 401.412 392.941
978 410.930 392.955
979 420.098 392.978
980 428.894 393.010
981 437.289 393.052
982 445.243 393.101
983 452.708 393.158
984 459.632 393.222
985 465.961 393.293
986 471.636 393.370
987 476.600 393.452
988 480.798 393.539
989 484.177 393.629
990 486.692 393.722
991 488.301 393.817
992 488.972 393.913
993 488.682 394.008
994 487.415 394.103
995 485.171 394.196
996 481.957 394.286
997 477.796 394.372
998 472.722 394.453
999 466.782 394.528
1000 460.036 394.597
