1 -65.8927993923 -65.8927993923
2 -62.6519745889 -64.2487339970
3 -59.7032855903 -62.7031115915
4 -57.0320349966 -61.2524123725
5 -54.6217777057 -59.8927233699
6 -52.4645726373 -58.6204630536
7 -50.5382280123 -57.4328473234
8 -48.8177317774 -56.3244426959
9 -47.2855240563 -55.2901497698
10 -45.9247488598 -54.3252209480
11 -44.7194953623 -53.4251687201
12 -43.6657440968 -52.5861284045
13 -42.7438296644 -51.8048560714
14 -41.9356256934 -51.0773227922
15 -41.2301162006 -50.3997284900
16 -40.6190338892 -49.7686088045
17 -40.0964928608 -49.1810356153
18 -39.6502095529 -48.6341212861
19 -39.2840341986 -48.1253938266
20 -38.9829038116 -47.6527188842
21 -38.7396815829 -47.2137095416
22 -38.5523827631 -46.8062525975
23 -38.4161377209 -46.4285000071
24 -38.3272194141 -46.0787007719
25 -38.2832685957 -45.7552825176
26 -38.2824334096 -45.4568405151
27 -38.3233389605 -45.1821243404
28 -38.4057915630 -44.9300391629
29 -38.5286707537 -44.6996263068
30 -38.6955274964 -44.4900995715
31 -38.9031790901 -44.3007828112
32 -39.1524108399 -44.1310481466
33 -39.4445550961 -43.9803805308
34 -39.7861674989 -43.8484268861
35 -40.1860357461 -43.7351723005
36 -40.6355479976 -43.6405242769
37 -41.1384267348 -43.5643640875
38 -41.6991470464 -43.5066967483
39 -42.3230399462 -43.4676559212
40 -43.0201992459 -43.4475533614
41 -43.7952145562 -43.4468736748
42 -44.6560784412 -43.4661856266
43 -45.6130818893 -43.5062297532
44 -46.6837606553 -43.5679959064
45 -47.8776975787 -43.6527123168
46 -49.2167097619 -43.7617957202
47 -50.7205155789 -43.8970877323
48 -52.4095399154 -44.0606142328
49 -54.3147436052 -44.2547938928
50 -56.4624957905 -44.4824369364
51 -58.8906328429 -44.7467679659
52 -61.6441859082 -45.0515740586
53 -64.7764757021 -45.4012977882
54 -68.3505998362 -45.8011461520
55 -72.4410652324 -46.2572164302
56 -77.1354638522 -46.7766386172
57 -82.5359709237 -47.3677312937
58 -88.7659983254 -48.0402020986
59 -95.9547496418 -48.8053099177
60 -104.2441570355 -49.6758220124
61 -113.7803165720 -50.6660861038
62 -124.6914697729 -51.7917871126
63 -137.0482199786 -53.0692501639
64 -150.7876579890 -54.5139066734
65 -165.5721449307 -56.1372336621
66 -180.5309329451 -57.9409448588
67 -193.7957984760 -59.9063021066
68 -201.6902808424 -61.9749531314
69 -197.3957569803 -64.0157151294
70 -169.0455346906 -65.7703978396
71 -98.0071912381 -66.7765493867
72 39.1346391016 -66.2929988687
73 255.7290736109 -63.3387802660
74 517.9950237798 -57.0901443238
75 713.7119827368 -47.7783669308
76 716.2487775788 -37.3642614068
77 525.2027674229 -28.6187021801
78 265.4119441979 -23.2012032520
79 47.2554629581 -21.0467498111
80 -95.3546169080 -21.2075213879
81 -174.2781822978 -22.7059831404
82 -211.3933400376 -24.8491149833
83 -224.2954536673 -27.2229480059
84 -224.3095322665 -29.6048789564
85 -218.0490097839 -31.8862999203
86 -209.1774005726 -34.0217728620
87 -199.6458251469 -35.9991652416
88 -190.4470205818 -37.8229960616
89 -182.0488826999 -39.5054229967
90 -174.6374503200 -41.0614845830
91 -168.2543829927 -42.5066757108
92 -162.8663256356 -43.8558150132
93 -158.4012096269 -45.1224401796
94 -154.7793430218 -46.3186849651
95 -151.9203966826 -47.4553094366
96 -149.7494440681 -48.5417995454
97 -148.2010014950 -49.5865257402
98 -147.2102093776 -50.5968316382
99 -146.7283482871 -51.5791943344
100 -146.7014220508 -52.5393060970
101 -147.0859596653 -53.4821497051
102 -147.8418044017 -54.4120989863
103 -148.9304884926 -55.3329729191
104 -150.3134003327 -56.2480697950
105 -151.9497363952 -57.1601805219
106 -153.8029890926 -58.0716253256
107 -155.8112770363 -58.9841694005
108 -157.9103673605 -59.8989252843
109 -160.0208318898 -60.8162994457
110 -162.0432675700 -61.7358628011
111 -163.8529455132 -62.6561819918
112 -165.2942158818 -63.5746100726
113 -166.1753920245 -64.4870399854
114 -166.2654682850 -65.3876330861
115 -165.2955082871 -66.2685509879
116 -162.9665745574 -67.1197482088
117 -158.9689563823 -67.9288755019
118 -153.0328131409 -68.6814968137
119 -144.9656549356 -69.3616936395
120 -134.7569144252 -69.9531771811
121 -122.6798653119 -70.4412894205
122 -109.3873138180 -70.8157106370
123 -95.9373357979 -71.0735409850
124 -83.7452153858 -71.2222140874
125 -74.3713895857 -71.2810962467
126 -69.1883225860 -71.2809052656
127 -69.0222757097 -71.2601855495
128 -73.9190261189 -71.2596543059
129 -83.1172042516 -71.3157384924
130 -95.2418888963 -71.4551414066
131 -108.6830333710 -71.6919805933
132 -121.9253460593 -72.0278420532
133 -133.8038564764 -72.4540750114
134 -143.5917943659 -72.9552477246
135 -150.9732989732 -73.5126202563
136 -155.9501977293 -74.1069711808
137 -158.7313721170 -74.7205225627
138 -159.6350001785 -75.3380103548
139 -159.0160168674 -75.9470929211
140 -157.2198612461 -76.5383197980
141 -154.5666224279 -77.1048867178
142 -151.3154101071 -77.6422545056
143 -147.6705814823 -78.1476025356
144 -143.8005478950 -78.6194936572
145 -139.8340354442 -79.0575514783
146 -135.8665214396 -79.4621734002
147 -131.9695948914 -79.8343072513
148 -128.1901842497 -80.1752787829
149 -124.5564899484 -80.4866212429
150 -121.0858506174 -80.7699740867
151 -117.7871361801 -81.0270189616
152 -114.6625717303 -81.2594273496
153 -111.7097588305 -81.4688244649
154 -108.9232194523 -81.6567660876
155 -106.2955504962 -81.8247249481
156 -103.8182673878 -81.9740839939
157 -101.4824048243 -82.1061344700
158 -99.2789320957 -82.2220772503
159 -97.1990301126 -82.3230262652
160 -95.2379425962 -82.4100235853
161 -93.3895563027 -82.4840524354
162 -91.6428429396 -82.5460235410
163 -89.9894751158 -82.5967567034
164 -88.4232392041 -82.6370108885
165 -86.9384914098 -82.6674905096
166 -85.5302194447 -82.6888505138
167 -84.2018746964 -82.7017258158
168 -82.9423107938 -82.7067145910
169 -81.7541735345 -82.7043692279
170 -80.6392802645 -82.6952490195
171 -79.5874507287 -82.6798824971
172 -78.5937711283 -82.6587255868
173 -77.6635553107 -82.6322250472
174 -76.7970507805 -82.6008527633
175 -75.9907226391 -82.5650478276
176 -75.2417705051 -82.5252172227
177 -74.5517562339 -82.4817597430
178 -73.9230547290 -82.4350763790
179 -73.3604717734 -82.3855786425
180 -72.8671542446 -82.3336935760
181 -72.4478262939 -82.2798581099
182 -72.1102814509 -82.2245349507
183 -71.8601465334 -82.1682144392
184 -71.7053878533 -82.1114124233
185 -71.6551539655 -82.0546805937
186 -71.7310069445 -81.9986421593
187 -71.9339715059 -81.9439680565
188 -72.2761722894 -81.8913486214
189 -72.7713506415 -81.8415292523
190 -73.4347308208 -81.7953162819
191 -74.2832705441 -81.7535838470
192 -75.3359544166 -81.7172819780
193 -76.6141145523 -81.6874460455
194 -78.1417650973 -81.6652076158
195 -79.9469565697 -81.6518077710
196 -82.0608959957 -81.6486193526
197 -84.5157955211 -81.6571439040
198 -87.3496838147 -81.6790330201
199 -90.6047584570 -81.7161079415
200 -94.3290925955 -81.7703772802
201 -98.5813585787 -81.8440885720
202 -103.4050462247 -81.9396861491
203 -108.8562773773 -82.0598184979
204 -114.9930228478 -82.2073609957
205 -121.8686651952 -82.3854172640
206 -129.5190237508 -82.5972394090
207 -137.9605920296 -82.8461502470
208 -147.1675604168 -83.1353903624
209 -157.0459490736 -83.4678545313
210 -167.3719713696 -83.8456388600
211 -177.7248434311 -84.2692714370
212 -187.3660435843 -84.7365471477
213 -195.0545561314 -85.2406624732
214 -198.7803371765 -85.7673436075
215 -195.4104174508 -86.2905895954
216 -180.3110926094 -86.7667810904
217 -147.2005856356 -87.1276051395
218 -88.9053397536 -87.2743109150
219 -0.3120693432 -87.0802811731
220 115.1494855933 -86.4151958236
221 237.0913397884 -85.2043958673
222 326.9612292684 -83.5125543037
223 346.0891006117 -81.5876967749
224 285.0825919999 -79.7871913554
225 172.0247192220 -78.4122256698
226 48.7987090943 -77.5899271191
227 -55.1237048561 -77.2823237816
228 -129.3568063524 -77.3674015966
229 -175.9536739698 -77.7116193728
230 -201.5399511129 -78.2055039686
231 -212.8710186676 -78.7715605553
232 -215.2742101620 -79.3598548872
233 -212.4930982186 -79.9406175703
234 -206.9945731320 -80.4976461745
235 -200.3427627781 -81.0234023324
236 -193.5027018490 -81.5157031089
237 -187.0540267783 -81.9755718547
238 -181.3462477493 -82.4059017348
239 -176.5646396029 -82.8106413217
240 -172.8044408251 -83.1942112258
241 -170.1142739555 -83.5612506683
242 -168.5136407259 -83.9164541276
243 -168.0064865821 -84.2644819040
244 -168.5883918280 -84.6099141892
245 -170.2489630233 -84.9572250613
246 -172.9699541137 -85.3107577051
247 -176.7187260853 -85.6746829427
248 -181.4356673347 -86.0529201153
249 -187.0129540219 -86.4489919633
250 -193.2603246890 -86.8657721402
251 -199.8511790118 -87.3050632949
252 -206.2392307633 -87.7669127590
253 -211.5326640319 -88.2485300828
254 -214.3115108835 -88.7426194432
255 -212.3816128822 -89.2349005499
256 -202.4924286585 -89.7006293857
257 -180.1506892520 -90.1002241543
258 -139.8429658148 -90.3749566764
259 -76.4489383953 -90.4456917125
260 11.1985852079 -90.2211962618
261 114.4466543253 -89.6249222663
262 210.1477879954 -88.6432605157
263 265.5447076469 -87.3743081109
264 256.9276000286 -86.0283850138
265 187.8969594781 -84.8512923018
266 86.3425955044 -84.0185726802
267 -16.1185850531 -83.5840833385
268 -99.9501784238 -83.5036025303
269 -159.4559249933 -83.6889400092
270 -197.2059748019 -84.0501455175
271 -218.6125623090 -84.5149429422
272 -228.9809000244 -85.0324325641
273 -232.4816621224 -85.5698977531
274 -232.0756228315 -86.1079948184
275 -229.7378904698 -86.6365139078
276 -226.7117925717 -87.1510806801
277 -223.7858811148 -87.6509629654
278 -221.4402056721 -88.1376656376
279 -219.9633376891 -88.6140061969
280 -219.5255046272 -89.0835572141
281 -220.2233832213 -89.5502998812
282 -222.1065292755 -90.0184091153
283 -225.1902490389 -90.4921104146
284 -229.4584037477 -90.9755656308
285 -234.8572892325 -91.4727554886
286 -241.2798358240 -91.9873231035
287 -248.5424713124 -92.5223548823
288 -256.3482617171 -93.0800598382
289 -264.2362881896 -93.6613034639
290 -271.5150886884 -94.2649473508
291 -277.1823223505 -94.8869464413
292 -279.8456357086 -95.5191842926
293 -277.6667732912 -96.1480927881
294 -268.4284236703 -96.7532912116
295 -249.8451483547 -97.3068749304
296 -220.2980880084 -97.7744716601
297 -180.1536398218 -98.1197859653
298 -133.4000101006 -98.3141993052
299 -88.6056352067 -98.3509083881
300 -57.4653955638 -98.2582108932
301 -50.1384285517 -98.1019479035
302 -69.6425078239 -97.9696540703
303 -109.8222703950 -97.9415111856
304 -158.8430689036 -98.0649514027
305 -205.1117131449 -98.3467575130
306 -241.2441882737 -98.7622618312
307 -264.6753053400 -99.2714659646
308 -276.2365627684 -99.8328433734
309 -278.3913624107 -100.4113150623
310 -273.9698051738 -100.9811018828
311 -265.4937747360 -101.5254816594
312 -254.9382409747 -102.0351505452
313 -243.7209101979 -102.5063041007
314 -232.7814639643 -102.9388861802
315 -222.6886086116 -103.3351849533
316 -213.7462212968 -103.6987979991
317 -206.0604159624 -104.0338937966
318 -199.6207875460 -104.3447091341
319 -194.3465165471 -104.6352807435
320 -190.0917830595 -104.9092153942
321 -186.7006970565 -105.1696046151
322 -184.0040832633 -105.4189881256
323 -181.8367682145 -105.6593544453
324 -180.0405529729 -105.8921662814
325 -178.4726201533 -106.1184025278
326 -176.9971190314 -106.3386058884
327 -175.5045438470 -106.5529259534
328 -173.9146368343 -106.7612391161
329 -172.1406390695 -106.9631594106
330 -170.1355330889 -107.1580992730
331 -167.8887563087 -107.3453966639
332 -165.4244738421 -107.5244202136
333 -162.8023952782 -107.6946752540
334 -160.1156265069 -107.8559059632
335 -157.4915855989 -108.0081925609
336 -155.0624307238 -108.1520100645
337 -152.9754915026 -108.2882415767
338 -151.3586490143 -108.4181779953
339 -150.3085465455 -108.5434211178
340 -149.8890751003 -108.6657974909
341 -150.1050670743 -108.7872055092
342 -150.9155083916 -108.9094659017
343 -152.2336720023 -109.0341859557
344 -153.9381693376 -109.1626451533
345 -155.8874164735 -109.2957207566
346 -157.9348705786 -109.4338584158
347 -159.9426571865 -109.5770853723
348 -161.7919474849 -109.7250580678
349 -163.3911792030 -109.8771343195
350 -164.6777412892 -110.0324612236
351 -165.6150763116 -110.1900611539
352 -166.1835925529 -110.3488819224
353 -166.3903179950 -110.5078725806
354 -166.2566881331 -110.6660352537
355 -165.8241949794 -110.8224709819
356 -165.1302500777 -110.9764146000
357 -164.2149794353 -111.1272075275
358 -163.1245346593 -111.2743235295
359 -161.9103555217 -111.4173811231
360 -160.6090665415 -111.5561230935
361 -159.2613523964 -111.6904034382
362 -157.9049357942 -111.8201862014
363 -156.5744734884 -111.9455355694
364 -155.3016460595 -112.0666061398
365 -154.1359382034 -112.1836565218
366 -153.0894484651 -112.2970450651
367 -152.1798128507 -112.4071461421
368 -151.4297706440 -112.5143923572
369 -150.8606485942 -112.6192712978
370 -150.4927325967 -112.7223214898
371 -150.3456461960 -112.8241294317
372 -150.4395220454 -112.9253278598
373 -150.8017730481 -113.0266097475
374 -151.4540810194 -113.1287197590
375 -152.4121740216 -113.2324553947
376 -153.6950754404 -113.3386419584
377 -155.3267579923 -113.4481567426
378 -157.3328481328 -113.5619336094
379 -159.7405662826 -113.6809665719
380 -162.5806401343 -113.8063152337
381 -165.8812881817 -113.9391074468
382 -169.6721608072 -114.0805334272
383 -173.9838907145 -114.2318505569
384 -178.8473836647 -114.3943834248
385 -184.2939691663 -114.5695238220
386 -190.3622688487 -114.7587396776
387 -197.0792210718 -114.9635698554
388 -204.4778304171 -115.1856121781
389 -212.6027836932 -115.4265519236
390 -221.4567601830 -115.6881231298
391 -231.0236665948 -115.9720189755
392 -241.2472785548 -116.2798288399
393 -251.9759356851 -116.6128660795
394 -262.9335841451 -116.9718852060
395 -273.6525014828 -117.3566958920
396 -283.4156115560 -117.7656014885
397 -291.2112378567 -118.1947306386
398 -295.7201974912 -118.6372921373
399 -295.3860805649 -119.0829092763
400 -288.6242210189 -119.5173097997
401 -274.2261291597 -119.9227899693
402 -251.9691078314 -120.2799564894
403 -223.3100771604 -120.5711136264
404 -191.8318336750 -120.7850895393
405 -162.9416144074 -120.9222330803
406 -142.4957391111 -120.9972031908
407 -134.7113969848 -121.0372592607
408 -140.4556284990 -121.0756562638
409 -157.0372030487 -121.1427285803
410 -179.5883493535 -121.2587514608
411 -203.0422136491 -121.4312966910
412 -223.5847959685 -121.6569387438
413 -239.1461879857 -121.9252418167
414 -249.1634759167 -122.2228673953
415 -254.0549690317 -122.5366011763
416 -254.7205382547 -122.8550598277
417 -252.1926608201 -123.1693528799
418 -247.4420106633 -123.4730981029
419 -241.2945997423 -123.7621252706
420 -234.4025630427 -124.0340578898
421 -227.2628778677 -124.2878932869
422 -220.2473502278 -124.5236584361
423 -213.6269559201 -124.7421302836
424 -207.5969563152 -124.9446204505
425 -202.2978542912 -125.1328171788
426 -197.8321243501 -125.3086735210
427 -194.2772604679 -125.4743317033
428 -191.6958460969 -125.6320753069
429 -190.1433039483 -125.7843026822
430 -189.6738471046 -125.9335165117
431 -190.3449747432 -126.0823255338
432 -192.2206390508 -126.2334550518
433 -195.3751865353 -126.3897654510
434 -199.8864391744 -126.5542674514
435 -205.8445062555 -126.7301378108
436 -213.3226594783 -126.9207165809
437 -222.3739476676 -127.1294588911
438 -232.9907140351 -127.3598471549
439 -245.0347181271 -127.6151753140
440 -258.1118225869 -127.8981176795
441 -271.3471076888 -128.2099105759
442 -282.9880593214 -128.5488476784
443 -289.7250398667 -128.9075867231
444 -285.5981571691 -129.2684908282
445 -260.4809609611 -129.5960406051
446 -198.7938716965 -129.8259635424
447 -81.2248866161 -129.8543125713
448 103.5576361330 -129.5405596343
449 329.9183348767 -128.7566951598
450 508.1435755786 -127.5065732885
451 527.1368830161 -126.0361274167
452 369.4553728261 -124.7456313887
453 133.6113621563 -123.9233211449
454 -75.4522986841 -123.6080686269
455 -216.3787762997 -123.6778410178
456 -294.8970602318 -123.9818142885
457 -330.7615297679 -124.4038662855
458 -341.4942123492 -124.8710059501
459 -338.8775006360 -125.3425879472
460 -329.9219973955 -125.7982297798
461 -318.5114425991 -126.2291225006
462 -306.6777867503 -126.6326613365
463 -295.4048947235 -127.0093683117
464 -285.1018414142 -127.3611611881
465 -275.8904342550 -127.6904650066
466 -267.7491766325 -127.9997646291
467 -260.5944518074 -128.2913972632
468 -254.3221421751 -128.5674730147
469 -248.8270529484 -128.8298581625
470 -244.0104276038 -129.0801853263
471 -239.7872741744 -129.3198783921
472 -236.0730616192 -129.5501684792
473 -232.7922947988 -129.7721097489
474 -229.8794974279 -129.9865961680
475 -227.2821011151 -130.1943903045
476 -224.9538412186 -130.3961475826
477 -222.8560106948 -130.5924263856
478 -220.9585715408 -130.7837100234
479 -219.2371586247 -130.9704214078
480 -217.6727632869 -131.1529342492
481 -216.2521708752 -131.3315888076
482 -214.9637158426 -131.5066928900
483 -213.7884662668 -131.6785236002
484 -212.7143481541 -131.8473225511
485 -211.7268344358 -132.0133010238
486 -210.8139180444 -132.1766420277
487 -209.9633938277 -132.3375021881
488 -209.1626556762 -132.4960113826
489 -208.3985457170 -132.6522720226
490 -207.6572549898 -132.8063580902
491 -206.9242803356 -132.9583140435
492 -206.1844458447 -133.1081537145
493 -205.4219985266 -133.2558593419
494 -204.6207859481 -133.4013808960
495 -203.7682969693 -133.5446371666
496 -202.8550983736 -133.6855336310
497 -201.8561377998 -133.8239322020
498 -200.7591196503 -133.9596634935
499 -199.5478404275 -134.0925287623
500 -198.2104427726 -134.2223035692
501 -196.7364026352 -134.3487429940
502 -195.1190724522 -134.4715859664
503 -193.3485209797 -134.5905606875
504 -191.4201124844 -134.7053778195
505 -189.3173867447 -134.8157360210
506 -187.0238686969 -134.9212979584
507 -184.5326754421 -135.0217046926
508 -181.8268258941 -135.1165868188
509 -178.8750423133 -135.2055187245
510 -175.6571599640 -135.2880313331
511 -172.1556546378 -135.3636220080
512 -168.3583064807 -135.4317627683
513 -164.2650020566 -135.4919150080
514 -159.8878940829 -135.5435648799
515 -155.2342336819 -135.5862127665
516 -150.3321444706 -135.6194010393
517 -145.2201868191 -135.6427409561
518 -139.9455364614 -135.6559304651
519 -134.5614671649 -135.6587675346
520 -129.1335741007 -135.6511662017
521 -123.7111418686 -135.6331544003
522 -118.3472201861 -135.6048556259
523 -113.0912014603 -135.5664916647
524 -107.9859447126 -135.5183707044
525 -103.0666885849 -135.4608728523
526 -98.3605805150 -135.3944343730
527 -93.8867510743 -135.3195317695
528 -89.6568284435 -135.2366666425
529 -85.6800661696 -135.1463547726
530 -81.9538915223 -135.0491182510
531 -78.4704385975 -134.9454602884
532 -75.2211415769 -134.8358661979
533 -72.1950966018 -134.7207990813
534 -69.3836989157 -134.6006993641
535 -66.7714289243 -134.4759838016
536 -64.3440823217 -134.3470355593
537 -62.0892429928 -134.2142110330
538 -60.0081873269 -134.0778502667
539 -58.0876907285 -133.9382909383
540 -56.3068141371 -133.7958239824
541 -54.6600031441 -133.6507171763
542 -53.1412176060 -133.5032295345
543 -51.7413946132 -133.3536001719
544 -50.4558447522 -133.2020552648
545 -49.2833087387 -133.0488141260
546 -48.2183522060 -132.8940880425
547 -47.2588881209 -132.7380800644
548 -46.4035567690 -132.5809886497
549 -45.6516677979 -132.4230089758
550 -45.0031556095 -132.2643341441
551 -44.4592650130 -132.1051564418
552 -44.0240630552 -131.9456733589
553 -43.6954388402 -131.7860807809
554 -43.4756662503 -131.6265740793
555 -43.3676368775 -131.4673518987
556 -43.3751600103 -131.3086173642
557 -43.5028129351 -131.1505801806
558 -43.7551495882 -130.9934562353
559 -44.1383140982 -130.8374696654
560 -44.6596421675 -130.6828550800
561 -45.3279237439 -130.5298598291
562 -46.1537466729 -130.3787467914
563 -47.1499381424 -130.2297978307
564 -48.3321203296 -130.0833181050
565 -49.7193939881 -129.9396414319
566 -51.3351574973 -129.7991369320
567 -53.2080571308 -129.6622171727
568 -55.3730444582 -129.5293480062
569 -57.8776166219 -129.4010644097
570 -60.7711169883 -129.2779824833
571 -64.1169569637 -129.1608171909
572 -67.9782459764 -129.0503842818
573 -72.4351500143 -128.9476216565
574 -77.5771552465 -128.8536092510
575 -83.5015809728 -128.7695828104
576 -90.3110392598 -128.6969440093
577 -98.1105725522 -128.6372657019
578 -106.9986739549 -128.5922873378
579 -117.0606189061 -128.5638959875
580 -128.3540318848 -128.5540904233
581 -140.8877587981 -128.5649144719
582 -154.5907242987 -128.5983462513
583 -169.2675211881 -128.6561230851
584 -184.5387693813 -128.7394819184
585 -199.7386221125 -128.8487563596
586 -213.8243652784 -128.9828186832
587 -225.2508965643 -129.1383361781
588 -231.8842263958 -129.3088461751
589 -230.9999127908 -129.4837654998
590 -219.5806050995 -129.6476184146
591 -195.1301168833 -129.7802252382
592 -157.1923917207 -129.8588661588
593 -109.3987956074 -129.8635459343
594 -60.7830036295 -129.7852529051
595 -24.4667464581 -129.6343249270
596 -12.3880946222 -129.4429861422
597 -28.7740709087 -129.2572385067
598 -67.7212144855 -129.1208154956
599 -117.0948854801 -129.0609484812
600 -164.9995022519 -129.0838165985
601 -203.8990504175 -129.1792467015
602 -231.0963121399 -129.3289547802
603 -247.1826797773 -129.5134250812
604 -254.2755561743 -129.7157941291
605 -254.7926355501 -129.9231975879
606 -250.8877252850 -130.1266659050
607 -244.2479026799 -130.3204543548
608 -236.0961390692 -130.5012186588
609 -227.2858268284 -130.6673183478
610 -218.3865956627 -130.8182682071
611 -209.7648150528 -130.9543352564
612 -201.6460923402 -131.0762561169
613 -194.1609358931 -131.1850444365
614 -187.3769397287 -131.2818626499
615 -181.3213129095 -131.3679384661
616 -175.9967790794 -131.4445140506
617 -171.3869455831 -131.5128096604
618 -167.4697707625 -131.5740062140
619 -164.2148801966 -131.6292333805
620 -161.5916382017 -131.6795641051
621 -159.5705090213 -131.7260149267
622 -158.1285358816 -131.7695543956
623 -157.2291175823 -131.8110997011
624 -156.8385049491 -131.8515007707
625 -156.9268792303 -131.8915533893
626 -157.4636877666 -131.9320000436
627 -158.4166190752 -131.9735283545
628 -159.7502792744 -132.0167676428
629 -161.4245435365 -132.0622831521
630 -163.3925524840 -132.1105674144
631 -165.5983329675 -132.1620282051
632 -167.9770435151 -132.2169746182
633 -170.4437162816 -132.2755960846
634 -172.8980108397 -132.3379325043
635 -175.2206232225 -132.4038521171
636 -177.2635523583 -132.4730107410
637 -178.8592518321 -132.5448179628
638 -179.8207094435 -132.6184072705
639 -179.9504688619 -132.6926142566
640 -179.0576172185 -132.7659753658
641 -176.9849496031 -132.8367613084
642 -173.6471681626 -132.9030616185
643 -169.0858966044 -132.9629403279
644 -163.4973786696 -133.0146644451
645 -157.2791575975 -133.0569722315
646 -151.0329520953 -133.0893971308
647 -145.5077376974 -133.1125374037
648 -141.4850139108 -133.1281898685
649 -139.6260320513 -133.1392688297
650 -140.2942266290 -133.1494722234
651 -143.4638599919 -133.1627212069
652 -148.7038393935 -133.1825465069
653 -155.2773216605 -133.2115275768
654 -162.3103150663 -133.2509679608
655 -168.9635470181 -133.3008342322
656 -174.5671025878 -133.3599344722
657 -178.6902695928 -133.4262497248
658 -181.1490676525 -133.4973172853
659 -181.9717245047 -133.5705850470
660 -181.3361642190 -133.6436880948
661 -179.5083730751 -133.7146216120
662 -176.7870984700 -133.7818283406
663 -173.4579843794 -133.8442059581
664 -169.7645111338 -133.9010588245
665 -165.8949416837 -133.9520191968
666 -161.9826755500 -133.9969606114
667 -158.1150834335 -134.0359199585
668 -154.3454355512 -134.0690365497
669 -150.7039884729 -134.0965092830
670 -147.2064475718 -134.1185688015
671 -143.8596644350 -134.1354603177
672 -140.6651811899 -134.1474333034
673 -137.6213465105 -134.1547353473
674 -134.7245694747 -134.1576084825
675 -131.9728605484 -134.1562876275
676 -129.3654847919 -134.1510089454
677 -126.8884047286 -134.1419910088
678 -124.5356734964 -134.1294382309
679 -122.3013363802 -134.1135450255
680 -120.1795533657 -134.0944959673
681 -118.1646932626 -134.0724661092
682 -116.2514077573 -134.0476214172
683 -114.4346913222 -134.0201193000
684 -112.7099313432 -133.9901092124
685 -111.0729516427 -133.9577333224
686 -109.5200515293 -133.9231272312
687 -108.0480414685 -133.8864207427
688 -106.6542753766 -133.8477386738
689 -105.3366784150 -133.8072017034
690 -104.0937680818 -133.7649272476
691 -102.9301735949 -133.7210327376
692 -101.8444241189 -133.6756424404
693 -100.8334621324 -133.6288705139
694 -99.8990096436 -133.5808332447
695 -99.0445825847 -133.5316478578
696 -98.2687173368 -133.4814342880
697 -97.5727315050 -133.4303103096
698 -96.9590086783 -133.3783962059
699 -96.4301221555 -133.3258151361
700 -95.9887802110 -133.2726933422
701 -95.6377946982 -133.2191602934
702 -95.3800767818 -133.1653488045
703 -95.2186602140 -133.1113951674
704 -95.1567493196 -133.0574393344
705 -95.1977861459 -133.0036251820
706 -95.3455293044 -132.9501008789
707 -95.6041359411 -132.8970193643
708 -95.9782379569 -132.8445389362
709 -96.4730039585 -132.7928239318
710 -97.1023448696 -132.7420496386
711 -97.8809684834 -132.6924159767
712 -98.8144926150 -132.6441293607
713 -99.8997350257 -132.5974013292
714 -101.1431668800 -132.5524418502
715 -102.5557009020 -132.5094721346
716 -104.1457318071 -132.4687282697
717 -105.9191115273 -132.4304522342
718 -107.8839287228 -132.3948953702
719 -110.0477544424 -132.3623185342
720 -112.4250355271 -132.3329952407
721 -115.0171765382 -132.3072124207
722 -117.8258222795 -132.2852532789
723 -120.8538237053 -132.2674040518
724 -124.1020966925 -132.2539519704
725 -127.5692451477 -132.2451823144
726 -131.2511029207 -132.2413749173
727 -135.1401517046 -132.2427999842
728 -139.2247583765 -132.2497130216
729 -143.4886611273 -132.2623486418
730 -147.9124703498 -132.2809167008
731 -152.4603930182 -132.3055868808
732 -157.0963616597 -132.3364784733
733 -161.7656062613 -132.3736485678
734 -166.3967370354 -132.4170710234
735 -170.8850955078 -132.4665943064
736 -175.1077006280 -132.5219149159
737 -178.9107133629 -132.5825411753
738 -182.1039407480 -132.6477536433
739 -184.4366684712 -132.7165349280
740 -185.6151448521 -132.7875012990
741 -185.3054202650 -132.8588540504
742 -183.1251699852 -132.9283141886
743 -178.6948020799 -132.9930982391
744 -171.6826563792 -133.0499531471
745 -161.8889099020 -133.0952794140
746 -149.3606403431 -133.1253883409
747 -134.5247309646 -133.1369265717
748 -118.3030531627 -133.1274679875
749 -102.1489429730 -133.0962081504
750 -87.9321286578 -133.0446013363
751 -77.6406159574 -132.9767132492
752 -72.9315576130 -132.8990572184
753 -74.6791957852 -132.8198122991
754 -82.7087966694 -132.7475571011
755 -95.8422189196 -132.6898713803
756 -112.2337361152 -132.6522220121
757 -129.8279502994 -132.6374096505
758 -146.7704829260 -132.6456068558
759 -161.6620230030 -132.6748365312
760 -173.6380856345 -132.7216570305
761 -182.3206783669 -132.7818543460
762 -187.7296552769 -132.8510242983
763 -190.1672648195 -132.9250182873
764 -190.1209535727 -133.0002441247
765 -188.1705685785 -133.0738402873
766 -184.8888005585 -133.1437197934
767 -180.8076160627 -133.2085311707
768 -176.3792854603 -133.2675712036
769 -171.9647645658 -133.3206671560
770 -167.8358438258 -133.3680549215
771 -164.1946742452 -133.4102717185
772 -161.1606782084 -133.4480609069
773 -158.8075131742 -133.4822806815
774 -157.1576675381 -133.5138443909
775 -156.2073692694 -133.5436714364
776 -155.9283271311 -133.5726542002
777 -156.2745396749 -133.6016313633
778 -157.1879946804 -133.6313694161
779 -158.6034821651 -133.6625510180
780 -160.4530319362 -133.6957691830
781 -162.6693997613 -133.7315274340
782 -165.1937403286 -133.7702438128
783 -167.9675537320 -133.8122626774
784 -170.9346718210 -133.8578528590
785 -174.0456566373 -133.9072115429
786 -177.2703354477 -133.9604861989
787 -180.5761688222 -134.0177849172
788 -183.9437212619 -134.0791809476
789 -187.3637820512 -134.1447297810
790 -190.8377809140 -134.2144826471
791 -194.3694931534 -134.2884933717
792 -197.9730190010 -134.3668273701
793 -201.6693827488 -134.4495721692
794 -205.4860762942 -134.5368456919
795 -209.4606559813 -134.6288049459
796 -213.6361841850 -134.7256618988
797 -218.0502256622 -134.8276731618
798 -222.7528330674 -134.9351510106
799 -227.8003967855 -135.0484724546
800 -233.2556530339 -135.1680892176
801 -239.1787286080 -135.2945257201
802 -245.6372529994 -135.4283844576
803 -252.7007891758 -135.5703507111
804 -260.4382236692 -135.7211928748
805 -268.9134178295 -135.8817584811
806 -278.1783054777 -136.0529632150
807 -288.2676804103 -136.2357732378
808 -299.1621211424 -136.4311596855
809 -310.7803468778 -136.6400282683
810 -322.9300000118 -136.8631130123
811 -335.2430863832 -137.1008010774
812 -347.0795374143 -137.3528597585
813 -357.3874546484 -137.6180199086
814 -364.5113839645 -137.8933574194
815 -365.9607988465 -138.1734145007
816 -358.1843993705 -138.4490419093
817 -336.5398578799 -138.7060595897
818 -295.9110111377 -138.9242582520
819 -232.6389496841 -139.0779169897
820 -148.4356773709 -139.1399207896
821 -55.3373381138 -139.0915381575
822 22.9720946617 -138.9365230316
823 60.1079876116 -138.7106630488
824 44.3630732343 -138.4740083418
825 -11.5842713720 -138.2850057010
826 -80.4024620538 -138.1753339337
827 -138.4909944854 -138.1441640950
828 -175.9400003911 -138.1704860140
829 -195.0264338908 -138.2296832428
830 -203.8000902770 -138.3043394754
831 -210.2256276588 -138.3872379917
832 -218.8745177140 -138.4788267987
833 -230.3431781753 -138.5824773416
834 -242.5618209496 -138.7003967181
835 -252.6994884582 -138.8316403623
836 -258.5951186472 -138.9721996807
837 -259.3011703640 -139.1162491276
838 -254.9749782170 -139.2575831610
839 -246.4718490262 -139.3906953436
840 -234.9362033252 -139.5113411275
841 -221.5142521435 -139.6166811247
842 -207.2057962380 -139.7051703249
843 -192.7838670106 -139.7763204165
844 -178.8153510490 -139.8304310102
845 -165.6826731439 -139.8683542303
846 -153.6200490213 -139.8912945900
847 -142.7539347729 -139.9006582285
848 -133.1157567098 -139.8979329956
849 -124.6803514865 -139.8845981087
850 -117.3859066588 -139.8620725057
851 -111.1463693394 -139.8316794233
852 -105.8638057074 -139.7946263501
853 -101.4430028671 -139.7520002222
854 -97.7904741016 -139.7047729464
855 -94.8277137263 -139.6538122537
856 -92.4730948334 -139.5998852272
857 -90.6711095090 -139.5436772627
858 -89.3797633679 -139.4858141768
859 -88.5692125345 -139.4268775113
860 -88.2201791799 -139.3674179699
861 -88.3224529264 -139.3079669503
862 -88.8736214329 -139.2490463883
863 -89.8780587932 -139.1911772182
864 -91.3461303540 -139.1348867411
865 -93.2935312038 -139.0807151120
866 -95.7406456815 -139.0292210424
867 -98.7133524446 -138.9809871750
868 -102.2433092538 -138.9366282206
869 -106.3527568457 -138.8967858329
870 -111.0683616186 -138.8621276170
871 -116.4109785171 -138.8333458112
872 -122.3886620211 -138.8111465224
873 -128.9857448755 -138.7962288640
874 -136.1457291544 -138.7892482575
875 -143.7457020882 -138.7907552386
876 -151.5573634635 -138.8011002345
877 -159.1743085429 -138.8202704250
878 -165.9344257504 -138.8476473278
879 -170.7866176494 -138.8816427744
880 -172.1216377901 -138.9191644315
881 -167.5812125473 -138.9548761353
882 -153.9261932838 -138.9802690917
883 -127.1515842796 -138.9827138383
884 -83.2832783517 -138.9449943428
885 -20.4527684479 -138.8464572315
886 57.4743889334 -138.6674366982
887 137.1272177951 -138.3980961183
888 196.1358541912 -138.0494655052
889 212.4960508599 -137.6587882144
890 178.9100492305 -137.2803984971
891 108.5636210841 -136.9642861615
892 25.6909908605 -136.7375259465
893 -48.8037306256 -136.6007436212
894 -104.3477492959 -136.5370381614
895 -139.4411025744 -136.5234360837
896 -157.3823112633 -136.5385987188
897 -162.8352686825 -136.5660012952
898 -160.0701533777 -136.5942580809
899 -152.3840391303 -136.6162387101
900 -142.0942940969 -136.6279269012
901 -130.7294623633 -136.6274183409
902 -119.2451595530 -136.6141610177
903 -108.2046539180 -136.5884219287
904 -97.9129495732 -136.5509301625
905 -88.5104431071 -136.5026463257
906 -80.0482384079 -136.4446231643
907 -72.5001737155 -136.3779241783
908 -65.8048466195 -136.3035502250
909 -59.8953890535 -136.2224265404
910 -54.6994712917 -136.1354013674
911 -50.1316133376 -136.0432271177
912 -46.1193829533 -135.9465679317
913 -42.5960085940 -135.8460087693
914 -39.5011399857 -135.7420625554
915 -36.7825199200 -135.6351782167
916 -34.4021937759 -135.5257549078
917 -32.3069996997 -135.4141391372
918 -30.4602774643 -135.3006273976
919 -28.8304074436 -135.1854780513
920 -27.3899474550 -135.0689163666
921 -26.1151159454 -134.9511389390
922 -24.9870854269 -134.8323183293
923 -23.9866876294 -134.7126064617
924 -23.0979087032 -134.5921349580
925 -22.3073857838 -134.4710193130
926 -21.6051746809 -134.3493618361
927 -20.9801020461 -134.2272535910
928 -20.4229486875 -134.1047737128
929 -19.9261180167 -133.9819921961
930 -19.4829885342 -133.8589711221
931 -19.0877754037 -133.7357656688
932 -18.7354104828 -133.6124249784
933 -18.4214381567 -133.4889928980
934 -18.1419248821 -133.3655086128
935 -17.8933809686 -133.2420071846
936 -17.6733044469 -133.1185200821
937 -17.4812909621 -132.9950779731
938 -17.3144260530 -132.8717086907
939 -17.1677372152 -132.7484360749
940 -17.0391033540 -132.6252800635
941 -16.9266718512 -132.5022584390
942 -16.8287772226 -132.3793870452
943 -16.7439313027 -132.2566799901
944 -16.6708142811 -132.1341498385
945 -16.6082653667 -132.0118077931
946 -16.5558797612 -131.8896639140
947 -16.5173448611 -131.7677309474
948 -16.4865086766 -131.6460191179
949 -16.4627636774 -131.5245355004
950 -16.4456062378 -131.4032865580
951 -16.4346281248 -131.2822782502
952 -16.4295097694 -131.1615161311
953 -16.4322003446 -131.0410059992
954 -16.4433219123 -130.9207568712
955 -16.4600237771 -130.8007745531
956 -16.4823413960 -130.6810640620
957 -16.5138760686 -130.5616315590
958 -16.5545351999 -130.4424873685
959 -16.6018587186 -130.3236379575
960 -16.6562817850 -130.2050895843
961 -16.7196413695 -130.0868495169
962 -16.7917370541 -129.9689263394
963 -16.8726742406 -129.8513280285
964 -16.9629839799 -129.7340630465
965 -17.0631341625 -129.6171403397
966 -17.1735101780 -129.5005692578
967 -17.2944119356 -129.3843594644
968 -17.4260655376 -129.2685208511
969 -17.5686440918 -129.1530634719
970 -17.7259731522 -129.0379989138
971 -17.9004418421 -128.9233429852
972 -18.0938699414 -128.8091136967
973 -18.2990799000 -128.6953248080
974 -18.5184935679 -128.5819875019
975 -18.7558207326 -128.4691186103
976 -19.0058697020 -128.3567314602
977 -19.2689160855 -128.2448377509
978 -19.5452569086 -128.1334494283
979 -19.8352042849 -128.0225787014
980 -20.1390779793 -127.9122380531
981 -20.4615511604 -127.8024419831
982 -20.8002969033 -127.6932077073
983 -21.1540628696 -127.5845488372
984 -21.5302413722 -127.4764826609
985 -21.9264374056 -127.3690290473
986 -22.3389056644 -127.2622046515
987 -22.7673493035 -127.1560237319
988 -23.2117779522 -127.0505005302
989 -23.6755198533 -126.9456508646
990 -24.1552466742 -126.8414907445
991 -24.6526241702 -126.7380344368
992 -25.1669826790 -126.6352983537
993 -25.7066436015 -126.5333008007
994 -26.2605781325 -126.4320602840
995 -26.8268276357 -126.3315872756
996 -27.4046191062 -126.2318914369
997 -27.9931054900 -126.1329815737
998 -28.5913873190 -126.0348655774
999 -29.1985385143 -125.9375503903
1000 -29.8136357106 -125.8410419987
